6.511078 12.727459 42.880261 14.359761 279.623989 62.368680 -110.303071
6.520173 13.160606 43.014983 5.333210 135.801302 36.003818 58.971580
6.803595 13.223881 43.099144 25.243886 145.100712 29.773742 106.773131
6.485120 13.182643 42.988636 7.295576 339.680368 31.793563 130.096386
6.604232 12.759704 43.084752 16.409283 140.134308 56.590566 -85.655467
6.299421 13.343560 42.817211 9.895579 109.914031 88.625853 166.672294
5.988929 13.025756 42.951093 11.973787 118.927657 81.368226 -99.648590
6.693874 13.101167 42.880192 13.968957 166.286713 51.239432 -63.042768
6.576252 13.191280 42.870549 12.693404 97.164670 34.037865 -84.495798
6.112543 12.964228 42.788067 10.779540 13.598762 67.838530 -69.218143
6.750304 12.730971 42.607723 16.480772 84.151940 85.243300 35.628295
6.672378 13.296397 42.776760 11.470857 160.996629 16.878497 96.584543
6.512968 13.073075 42.876439 17.846224 155.429534 43.702197 -67.468985
6.557162 13.154576 42.697124 15.878155 203.754886 39.690231 63.863743
6.512020 12.897383 42.577589 11.225017 333.622471 22.330933 -125.335480
6.657953 13.326206 42.977155 17.083619 343.580324 22.774090 -76.470960
6.674262 13.127749 42.833836 13.775602 136.510804 28.606490 67.594336
6.604427 13.371954 42.936159 13.832740 148.189312 33.534781 116.598742
6.926298 12.927182 42.509074 14.071404 307.601304 43.394670 91.938218
6.679954 13.367331 42.871883 7.618026 155.920864 59.333785 -103.917880
6.546764 13.376489 42.732402 11.503128 175.272029 31.938818 56.522511
6.412642 13.249450 42.717275 21.313520 138.603188 25.982258 47.865645
6.531959 13.145523 42.709660 8.023021 106.282560 83.336040 55.905006
6.090518 13.150960 42.931605 3.972009 161.647805 32.827292 46.373774
6.913899 13.810388 42.569858 4.601649 172.423147 41.718655 63.685136
7.089293 13.128846 42.744963 8.205663 138.271899 20.120039 45.528240
6.721435 13.029182 42.879980 12.742271 216.787026 28.599196 176.014405
6.736806 13.101460 42.921205 13.389103 348.420845 54.582723 -126.218095
6.497781 13.066094 42.714226 13.316178 29.783332 29.797194 -72.119537
6.510923 13.102147 42.704789 13.201855 6.697064 59.208055 -50.103821
6.406044 13.163480 42.967521 8.828116 175.049740 28.039241 95.739855
6.595075 13.077659 43.090792 6.336580 141.685602 39.672785 127.146608
6.828637 13.304690 42.514785 7.762790 104.850912 48.961073 -114.782595
6.629469 13.086071 42.807087 9.213151 341.072480 63.100749 -82.571490
6.461230 12.950551 42.653603 12.441672 115.776652 74.098793 121.643081
6.879701 13.207411 42.799760 19.772384 140.791172 33.427679 131.809217
6.433814 13.028224 42.899679 6.897125 202.262296 58.426339 -30.143114
6.213323 13.132728 42.861716 19.016368 35.850810 88.410999 -171.656256
7.016736 13.483142 42.839139 14.288431 176.119266 35.287617 100.690778
6.375083 13.017216 42.784925 16.795958 271.052923 47.197983 -85.436538
6.314769 13.103534 42.718350 8.555884 332.041727 34.728886 -81.912093
6.320817 13.122936 42.732858 3.858896 164.462825 30.633946 58.589251
6.690414 13.121579 42.804136 18.738559 173.118563 40.950006 89.060907
6.542207 13.396511 42.811943 5.786399 338.046460 42.782048 -112.775354
6.461707 12.839625 42.863428 12.251756 136.220700 49.078098 -86.142220
6.498245 13.108110 43.018110 6.311843 8.258018 72.321842 -107.698699
7.058050 12.762133 42.823554 4.763067 321.898957 36.084231 -133.731097
6.541753 13.315399 42.798178 14.400881 152.509657 21.326457 67.556806
6.967582 13.298823 42.606353 12.610923 91.817084 57.495878 -133.871651
6.327797 13.284401 42.891753 10.915214 189.097684 70.023814 29.547670
6.311664 13.135030 42.866079 10.908310 162.487996 26.736149 70.947285
6.501794 13.250662 42.730343 7.864905 140.120983 22.839258 101.916042
6.489669 13.210036 42.707966 10.623418 162.311145 47.784629 -48.909769
6.714581 13.131008 42.640665 4.331913 105.815335 47.522449 -92.745371
6.837946 13.231887 42.358475 8.194144 103.508508 87.100937 143.331434
7.416229 13.399766 43.237223 18.621417 91.234055 31.096976 86.009214
6.892551 13.134138 42.853625 9.522385 162.287982 30.942733 120.918485
6.839771 13.005798 42.883597 9.233616 172.545920 47.277672 -87.558450
6.437117 13.166752 42.814371 11.593739 149.265140 36.328304 79.876845
6.473156 12.986136 42.821485 6.797315 274.550522 67.874917 178.092664
6.525756 13.110117 42.948324 18.849705 155.099171 74.819064 167.466364
6.746121 13.398615 43.049126 11.434509 143.960234 23.831413 90.360162
6.611404 13.002052 42.933041 12.234050 178.330956 52.996659 -96.226773
6.223441 12.917142 42.736470 13.335101 145.096485 45.673630 -108.436562
6.615647 12.885454 42.651023 3.939715 29.060036 47.023528 128.533083
6.344556 13.031935 42.795571 11.537094 302.001044 62.777508 -144.034069
6.005208 13.060035 42.738223 14.329068 177.391450 58.286157 -82.431799
6.044312 13.096430 42.816299 5.860827 164.294307 46.851797 -123.289260
6.895642 13.217928 42.617984 5.063601 147.856263 50.065353 -127.744662
6.866825 13.319180 42.612532 8.966311 156.708985 54.834434 -123.846284
6.975294 13.065005 43.285673 9.674142 79.781638 46.292574 53.842174
6.085205 13.056064 42.828701 9.505406 332.889016 47.484834 -72.377261
6.733958 13.275500 42.899926 14.591621 196.714091 56.785497 54.636918
6.546261 13.425222 42.983830 7.176105 310.454204 32.210176 68.603613
7.214206 13.302398 42.772483 10.324053 33.458158 44.724023 81.416420
6.468805 12.989439 42.725168 11.786552 140.770669 43.133091 -65.396660
6.003323 13.115479 42.905761 11.975799 136.833011 46.814921 -59.414530
6.662034 13.116113 42.963235 11.015972 135.307362 26.599329 61.125768
6.585921 12.971094 42.749368 4.457889 146.346783 53.577142 -53.932348
6.245158 12.983053 42.679094 15.662405 108.949496 88.126445 17.659579
6.317439 12.996256 42.803495 12.092943 353.024614 25.071685 -57.798367
6.755057 13.253886 42.693479 12.599411 143.711848 26.404779 124.741887
6.132476 12.968413 42.791920 18.442809 116.208781 27.158204 -90.880818
6.413103 13.242818 42.956378 17.025297 284.336535 65.104229 84.154761
6.067858 13.103762 42.933983 14.877544 141.562312 49.313776 -91.228882
6.247174 13.163688 42.778246 21.261984 230.660780 54.764951 82.950477
6.406843 13.185441 42.839169 5.444364 95.613149 83.238482 -20.500575
7.030491 13.430717 43.059871 14.508654 158.536004 21.084539 59.274805
7.141822 12.603189 43.088481 10.438069 326.802984 39.039799 -73.604833
6.370485 13.065561 42.816507 22.095723 111.931371 38.094608 -87.669243
6.494802 13.069051 42.877497 6.661997 139.237646 55.826332 -58.559324
6.586473 12.951411 42.932902 15.748758 300.867251 32.803942 -85.470204
6.475298 13.206303 42.835540 7.002078 162.361935 26.823015 128.228366
6.741226 13.117345 42.652872 11.030485 133.221190 49.276143 -102.224415
6.743537 12.847106 42.998393 8.243399 141.559988 45.072166 -106.376917
6.658751 12.745982 42.937195 9.722663 110.326804 58.030609 -85.225583
6.399902 13.302577 42.840625 17.909587 160.523841 23.762653 90.501501
6.508884 13.240191 42.888893 13.912262 156.070296 27.468748 84.399751
6.958328 13.326244 42.713987 10.535000 150.982576 25.304227 48.413670
6.594433 13.265472 42.762897 7.787344 169.565158 28.658363 77.511606
6.992573 13.222049 42.614899 22.190513 71.915861 42.396767 60.194311
6.895620 13.172569 42.831744 6.169605 330.865482 77.290491 -54.028221
7.060988 13.049390 42.715802 15.548350 134.417855 24.509727 66.973032
6.503450 12.790635 42.719697 9.335383 358.830261 53.598801 13.996630
6.749471 12.865172 42.757507 8.440164 321.473742 33.740403 -77.822126
7.189321 13.324739 43.141521 10.524579 112.102472 32.757843 116.399796
5.872130 13.250791 42.780355 11.409003 164.093841 28.515010 129.505665
6.236158 13.305420 42.686702 7.207656 108.185061 89.995078 -179.297484
6.343772 12.856586 42.870075 9.276345 143.586949 54.083729 -73.432146
7.125871 13.507100 42.976823 6.396357 177.181568 51.367605 87.948079
6.692628 13.059642 42.894841 13.870414 164.253342 39.132487 60.563337
6.473738 13.003880 42.964468 12.733523 135.596378 26.079550 61.926312
6.234517 13.153480 42.778351 5.671185 149.483475 42.060167 -47.542000
6.146909 13.121619 42.795365 6.971423 319.678349 41.993755 -70.339032
6.617737 12.912948 42.693863 16.289486 287.769263 48.247879 -133.723436
5.987861 13.141238 42.847104 10.765585 21.339223 33.508794 -95.558252
5.995847 13.176363 42.838721 4.737884 170.712217 31.081348 91.850737
6.855546 13.101479 42.699462 12.765033 136.264629 52.169616 -56.682812
6.061475 13.031519 42.879263 15.604413 284.165437 76.078795 38.624422
6.250997 13.135796 42.799787 14.410257 149.081134 47.935466 -128.238014
6.900584 13.101165 43.288347 23.134817 168.803230 20.198349 98.422836
6.405019 13.120693 42.952263 18.884122 143.675601 48.755271 -97.756211
6.518953 13.064992 42.735604 15.288981 142.899578 84.964329 47.955612
6.630515 13.157980 43.037645 24.077181 281.718696 37.255481 69.072301
5.785990 13.002049 42.824750 16.480392 145.934932 55.953873 -108.925205
6.109366 13.098515 42.714413 10.723167 93.709545 22.637129 113.384831
6.623174 12.984638 42.914003 12.710578 305.314963 64.389044 -143.770215
6.540326 13.009304 42.602809 11.702677 326.765166 28.540443 -54.934169
7.101325 13.719560 42.615777 16.291102 77.105463 38.920351 -127.565728
6.160510 13.197016 42.986637 8.895700 156.942682 36.610925 49.891632
6.717280 13.212554 42.727069 8.905966 39.621609 56.052277 69.297725
6.465837 13.106463 42.790336 9.653950 97.750307 43.985424 -54.082343
6.399214 12.850320 42.954716 15.135433 150.017074 40.062406 -103.983555
6.218224 13.042785 42.905185 3.578948 146.036627 34.546789 110.073620
6.338916 13.245276 42.943483 16.143012 161.896131 20.915608 89.768948
6.069350 12.999089 42.748754 7.120549 345.648930 53.446395 119.215683
5.938427 13.108277 42.950198 12.307383 128.299231 65.180549 177.979535
6.342114 13.129844 42.897926 7.769865 169.931245 50.174478 -116.055652
7.131691 13.577935 42.866268 4.333175 139.138304 28.638566 55.968735
6.475654 13.150280 42.741432 10.946620 143.752179 27.764732 107.624490
6.189869 13.085926 42.867697 9.839361 350.663482 70.401326 79.590635
6.031001 12.983765 42.774419 9.230128 327.464893 24.434620 -84.440573
6.351742 13.205218 42.668367 18.579695 329.450766 12.085977 105.778605
6.594513 12.957965 42.723766 13.165439 355.866017 26.165172 -94.189705
6.854836 13.123439 43.117478 17.224262 179.738088 26.614575 -70.513997
6.129655 13.063016 42.869655 8.633125 346.458988 41.200371 -51.219455
6.588557 13.007758 42.961838 12.577342 136.333216 39.827389 122.727013
6.703968 13.057291 42.487090 5.604857 270.747790 77.943261 84.909824
6.474049 13.154405 42.846430 13.905710 344.831917 79.341741 -116.995549
6.146885 13.143599 42.834017 2.830085 160.765589 25.792928 62.622676
6.358350 13.213922 43.064920 15.891059 171.319617 83.474025 34.708768
6.466214 13.468528 42.875482 12.651463 276.296585 51.907694 121.726264
6.420420 13.087595 42.911387 8.100918 152.703667 29.338001 -95.600401
5.878918 13.114216 42.848660 15.153510 159.507356 53.571274 -88.103967
6.935683 12.774628 43.019672 12.775382 358.361620 37.076459 -110.800511
6.411014 13.115569 42.901538 15.303640 152.564198 50.480581 -61.983003
6.049351 13.196876 42.712023 13.140647 74.943384 81.841707 -165.091860
6.181038 13.113732 42.776896 11.261473 134.069096 40.151960 -61.968593
6.390660 13.120727 42.785532 14.037069 148.729860 88.081297 -30.332667
6.649730 13.165428 43.012551 11.054114 345.569328 55.628354 -4.304079
6.743965 13.366089 42.940625 5.162667 140.777984 29.682375 99.876495
6.529997 12.962731 42.773540 3.729819 353.814819 32.158682 -128.284287
6.368570 13.062977 42.862913 14.947452 188.128749 28.485913 178.839940
6.704889 13.016413 42.775191 19.010089 139.102681 53.289961 -132.440806
6.648445 13.199577 42.754267 11.205888 160.488444 20.364655 70.540163
6.557117 13.052758 42.759741 5.619757 355.198553 30.344340 -82.586062
6.440576 13.224424 42.784154 5.870060 241.475843 40.351329 96.721256
6.726644 13.088842 42.953880 13.545894 185.056371 43.074971 36.496347
6.512905 13.180056 42.667894 7.917361 201.207909 53.546024 -124.747010
6.756363 12.875120 42.747432 13.693233 336.622871 33.213116 -76.668611
6.361489 13.120165 42.858253 6.301986 139.278040 58.479210 -16.953002
6.847579 13.121152 42.800250 19.856590 227.188452 28.246355 -133.121135
6.734052 12.866625 42.799142 11.063739 274.391323 25.728226 -98.886224
6.734336 13.172355 42.959429 11.088540 169.617353 20.154353 46.458109
6.152090 13.037773 42.970857 22.421239 149.826171 35.859005 106.625869
6.348542 13.405943 42.989284 3.587831 216.558627 64.990958 10.408724
6.846271 12.695127 42.411085 7.782741 290.100317 22.758533 -113.719194
6.804395 13.074361 42.589595 14.326255 140.675835 54.691125 -125.792761
6.612939 13.144304 42.651877 7.721911 341.713057 40.351083 -122.824855
6.411874 13.001739 42.859050 9.543998 127.947222 30.620175 -87.392347
6.426783 12.909957 42.887335 6.210203 198.391766 44.993985 -60.005282
6.690575 13.230015 42.568469 11.280975 140.660607 40.315503 -74.335533
6.521298 13.300539 42.713213 10.135607 145.447416 38.722375 118.196005
7.377926 12.786634 42.666085 10.060638 177.555678 78.884034 -119.648594
6.797787 13.300785 42.712668 6.765269 97.557240 66.152430 26.897423
6.844597 13.408472 42.688156 10.159180 73.847312 70.886900 177.857895
6.527973 13.212595 42.786489 6.516206 167.873871 52.126662 -123.853149
6.652282 13.128692 42.675763 3.637259 341.359296 41.189605 -55.444074
6.493766 13.080756 42.904879 13.820241 171.127366 48.021341 -114.643031
6.861010 12.939294 42.540725 10.985515 304.016386 57.353348 81.969920
6.677628 13.113221 42.789801 6.991595 130.964434 39.805307 -52.730247
6.501621 13.354827 42.841750 8.445466 175.143207 51.727138 -45.709948
6.375482 12.907937 42.785142 8.166147 330.103920 32.748006 -104.622689
6.237794 12.976053 42.948776 15.525179 173.913472 39.120000 130.681468
6.622166 13.024048 42.804128 8.789998 159.063767 58.790405 -113.761494
6.683376 12.758950 42.735256 7.976515 175.626323 62.737136 -65.677640
6.376400 12.985049 42.945270 8.407423 34.249216 81.230920 163.061684
6.807056 13.283664 43.175274 7.579570 132.242977 86.186361 179.286468
6.514648 13.094303 42.754946 5.740753 355.907240 29.328209 -52.317848
6.967739 12.985709 42.242193 5.567285 149.894667 51.636888 -169.187102
6.384852 13.287886 42.851982 17.526551 129.908470 43.834807 -130.142215
6.260584 13.099451 42.745019 11.777238 171.879077 53.941574 -45.886666
6.398805 13.167921 42.782894 4.806078 169.972458 34.687860 85.107788
6.296404 13.056761 42.805176 13.991170 68.447644 41.820568 -42.438501
7.131330 12.429026 42.624552 7.031539 324.984792 54.750230 -95.557099
6.460046 12.911753 42.687295 17.297382 99.336118 57.332133 -55.051923
6.907559 12.787579 42.824266 6.363076 154.639206 86.552167 -56.785938
6.458213 13.094377 42.646382 12.012787 291.782672 31.083019 -87.418041
6.601552 12.819027 42.695517 5.478666 144.951856 43.385742 -82.326923
6.340136 13.210185 42.819462 2.757698 90.042668 37.950071 77.721980
6.541042 13.113639 42.494352 10.743840 123.842483 61.265661 2.635021
6.882305 13.083699 42.635457 9.660707 284.035836 22.850758 -76.190603
6.860441 13.374245 42.808881 16.840189 227.682705 45.703568 73.577481
5.888265 13.050182 42.814626 17.145685 112.415170 69.635551 -153.981148
6.472749 12.948165 42.887235 14.332146 321.892778 44.486640 -111.358137
6.317291 12.909187 43.016181 4.517787 167.975251 24.504588 77.112705
6.213277 13.102416 42.892615 8.793260 312.487299 15.802455 -132.529520
6.928333 13.065517 42.559653 4.914611 340.457364 36.661361 -79.690882
6.267769 13.073048 42.900993 12.352922 155.793524 21.467919 108.560857
6.593279 13.238255 42.777431 10.029537 138.982748 38.076550 75.225616
6.061138 13.005737 42.686519 12.817638 162.002250 55.415195 -75.541189
6.215864 13.123529 42.856961 18.377681 248.872750 47.357290 -119.837340
6.758556 13.107896 42.657730 15.394596 90.306737 56.464632 -89.936786
6.212444 12.911285 42.871322 10.968018 160.614499 43.418971 -134.878742
6.670623 13.210549 43.062443 2.781364 177.378304 25.293935 118.014329
6.561541 12.810770 42.645128 15.914421 116.776900 32.721366 -62.463727
6.179560 13.225458 42.811295 3.827883 287.416618 41.633438 -124.093239
6.527863 13.265364 42.915735 8.278532 275.773338 55.180121 -12.551662
6.223265 13.143300 42.819963 10.455209 273.053907 12.939861 49.120127
6.587743 13.182863 42.969095 11.439697 135.378941 36.975136 75.405550
6.155504 13.226799 42.872433 2.647640 105.140317 46.797261 131.416085
6.091178 13.033332 42.838525 12.617000 95.748423 71.578054 29.757686
6.797026 12.973446 42.504096 5.869200 350.493344 33.027713 -83.894038
6.792175 13.505946 43.123686 9.081344 167.312615 38.366011 134.314882
6.362554 12.873603 42.895194 9.455049 140.724621 28.471097 94.191530
6.465399 13.206308 42.830804 2.864850 164.309259 35.272237 111.650110
6.710383 12.959794 42.840706 5.142185 323.388215 73.008969 -173.748280
6.326747 13.069127 42.793348 15.625551 35.918467 80.085693 -51.116085
6.631641 12.984306 42.881825 8.168515 156.874418 46.806911 -127.018188
6.500071 13.295499 42.943477 22.351374 333.015411 57.333571 128.596927
6.621883 13.116881 42.736658 9.890853 85.179163 51.863888 46.673060
6.767620 12.989199 42.781247 17.960957 101.940588 57.530700 145.940912
6.563879 13.292041 42.902058 13.317453 136.585825 22.293327 73.773057
6.749148 12.925738 42.912741 9.463334 315.921366 52.228136 -71.569734
6.222868 13.168055 42.680298 10.440730 125.375924 87.798983 -153.166632
6.366572 13.056692 42.904927 2.842462 122.156493 39.738222 -111.734375
6.335802 13.114507 42.825017 9.682454 158.535915 24.739147 71.192391
6.926809 13.182806 43.138971 7.712713 172.647471 57.213079 89.265345
5.873643 13.120210 42.908537 9.389261 102.816682 47.923332 -124.689879
6.055894 13.194339 42.888674 13.284395 42.330843 82.492866 -30.513077
6.566425 13.235788 42.859570 4.603534 359.062946 69.054863 -116.936128
6.559549 13.258524 42.953333 17.400130 22.748126 84.885464 40.747596
6.272325 13.187173 42.865840 8.079078 177.991174 37.863822 133.683975
6.592032 13.046766 42.933520 17.018754 75.741152 85.817684 -158.177807
6.570805 13.088808 42.881997 9.948170 320.465669 42.374852 -120.236127
6.354072 12.927409 42.915085 10.397258 351.628481 35.220207 -46.119717
6.446700 13.227002 42.851012 8.676066 179.641405 20.084951 57.693315
6.417208 12.991551 42.855509 9.378973 150.597630 87.277308 -165.830727
5.988367 13.173380 42.908148 4.733076 145.265688 27.557335 115.466561
6.261298 13.117140 42.904973 12.680690 111.163845 56.651569 -93.230033
6.119652 13.223666 42.832561 2.850350 358.240190 57.495363 138.427139
6.610492 13.498403 42.920757 9.248349 20.081051 89.045946 31.187541
6.261437 13.029384 42.860851 10.577274 322.189735 31.546058 -119.166129
7.016430 13.001604 42.369447 15.435176 122.799132 47.443039 -124.366123
6.996103 13.670487 42.751410 12.640462 170.363567 40.521460 124.130199
6.240935 13.059638 42.728865 12.661587 298.533170 39.085730 -97.474799
6.605975 13.024832 42.587001 11.559134 327.423561 30.990777 -118.409751
6.506189 13.230497 42.951036 17.039503 232.979939 31.204309 -117.188702
6.593951 13.102413 42.664220 21.374220 300.139393 48.281499 -63.483307
6.150687 13.023155 42.882616 10.507132 172.198577 55.855884 -104.742754
5.686547 13.092495 42.835410 4.365481 108.879457 68.650993 -165.116855
6.237869 13.217280 42.879381 15.554581 177.535640 29.095020 114.530078
6.931506 13.167109 42.606833 6.520602 73.599342 81.161624 -138.708311
6.352517 13.133301 42.765992 15.727349 176.474389 26.983601 99.261199
6.776617 12.679845 42.719893 9.001090 342.095787 30.815622 -110.716284
6.570682 12.900848 42.852772 8.333320 29.124997 48.680867 -106.814589
6.638139 13.220241 42.989377 8.394388 127.773179 89.813623 -160.545528
6.102353 13.265151 42.797239 12.325009 293.374039 47.297372 90.803498
6.669111 13.208064 42.779307 12.424865 151.502462 20.843366 73.540742
6.802516 12.766177 42.981497 13.437056 285.846201 76.995580 -84.478628
6.741204 13.264016 43.010261 22.409609 20.805623 30.682187 -7.720392
6.953199 13.185388 42.462139 6.683746 116.989791 82.854975 23.141359
6.448714 13.336731 42.886169 16.209076 224.571296 78.898327 25.988254
6.913205 12.759704 43.098393 16.426582 210.424086 74.491794 10.436095
6.805136 13.409508 42.680569 10.286868 249.632412 63.255704 5.350939
6.223957 13.005356 42.900501 18.657687 137.860112 29.201715 89.791541
6.339152 13.198044 42.884846 10.007800 123.092660 20.731447 -71.450558
6.468348 13.224520 42.957836 10.905755 90.720917 85.537619 173.263588
6.659412 12.707794 42.913489 13.530275 143.639716 42.151560 -90.022002
6.843591 13.052930 43.109735 13.818584 160.814158 35.724326 131.819747
6.628204 13.264221 42.922237 23.189566 152.614155 22.960464 98.585033
6.515278 13.284829 42.801409 18.578409 58.753461 46.830788 32.767296
6.234217 13.129421 42.841978 16.579715 157.544955 22.907887 98.032331
7.014527 12.954986 42.588844 27.190033 129.335361 56.951346 -129.252791
6.575497 13.287208 42.659320 21.051406 137.782923 31.819217 126.628954
6.679343 13.127915 42.785734 11.946043 166.790724 11.746217 147.481850
5.781825 13.172639 42.803462 15.053419 145.041132 38.687929 72.083832
6.912838 13.055429 42.794789 12.803920 357.592058 23.033147 -66.466408
6.784166 13.279525 42.904255 7.550554 150.120608 32.054114 70.242277
6.828446 13.463891 42.717953 14.756457 107.485262 83.828345 -15.414561
6.847820 12.832765 42.640971 9.059363 90.827919 47.386188 -123.521131
5.935397 13.257231 42.782076 10.992479 33.494491 24.377585 95.581591
6.772266 13.399220 43.024313 9.055532 160.277626 36.738390 104.878312
6.373202 13.105363 42.855843 13.304091 342.050366 28.458731 -62.644806
5.920069 13.208705 42.790062 18.518858 336.733181 43.855765 -123.693633
6.364301 13.174250 42.842689 5.322679 304.723096 40.690997 -94.562638
6.233338 13.176492 42.730522 8.030569 175.983951 20.553622 45.641309
6.748277 13.014679 42.879203 17.143119 335.299294 26.108696 -91.568139
6.585933 12.938110 42.684218 8.843475 324.897249 21.398056 -71.544924
5.831969 13.104540 42.793031 11.785269 138.855355 55.287867 -61.009697
6.509303 13.265294 43.054905 13.358582 176.960544 38.749013 123.445262
6.204118 13.241134 42.966932 13.436900 141.669713 38.260212 66.719612
6.330473 13.278461 42.775696 16.600674 246.976234 25.144593 -108.439215
6.809855 13.641930 43.137910 16.763803 147.956893 23.736419 124.459349
6.800855 12.648815 42.744310 6.003271 347.100910 38.858429 -58.795112
6.246793 12.922556 42.962754 14.562023 178.656891 20.968457 123.290638
6.582033 13.026298 42.810145 18.607115 179.648031 56.830326 -113.151399
6.541313 13.136997 42.647762 13.274159 46.452019 72.557675 -130.670396
6.884138 13.650794 42.800204 14.759572 136.673182 39.847881 110.960269
6.128694 12.918339 42.690487 13.056000 274.461286 58.021329 -121.454206
6.395009 13.478624 42.977365 3.652019 137.049672 51.161164 68.765758
6.728532 13.027843 42.658981 8.804121 322.378517 60.171898 -82.657887
6.537845 13.074396 42.893678 14.121963 319.845004 50.490246 -104.585328
6.468626 13.269091 42.794312 15.870019 147.712195 23.624571 51.745732
6.014414 13.018820 42.754460 11.185025 106.817685 59.917327 -127.664850
6.627512 13.314684 42.607412 8.947885 136.060879 55.928296 -94.471450
6.722459 13.127016 42.886859 5.192102 167.373446 20.857800 55.691802
6.239415 13.072123 42.982978 13.041960 1.044027 89.451100 0.609448
6.704400 13.024932 42.753150 10.837586 147.536917 30.555528 -72.132899
6.171350 13.095525 42.730822 13.101841 157.190454 22.693016 -126.138669
6.713904 13.032777 42.708946 20.130139 356.028871 63.235441 -65.775270
6.247746 13.161763 42.996384 16.909021 149.936064 58.791687 -125.865641
6.694016 13.120180 42.982895 9.477966 148.257836 34.840811 -87.447958
6.965441 12.407984 42.768436 7.832249 173.295441 63.567821 -57.323635
7.152969 12.517191 42.619165 8.209398 171.458292 67.288678 -68.502085
6.882054 12.561573 43.083890 10.273000 114.340832 50.118407 -131.904660
6.572841 13.256603 42.801094 11.964246 316.201758 46.146626 115.051407
6.376035 12.909919 42.831791 10.001503 152.692730 82.400789 43.097191
6.817541 13.171432 43.133813 5.811528 216.376868 41.021669 92.429772
6.508482 13.089270 42.762963 10.560286 163.114619 56.181245 -114.277841
6.620142 12.953074 42.734824 11.695620 177.724384 57.395542 -87.620253
6.823842 12.731949 42.807648 14.377449 94.008002 27.374391 117.310219
6.169774 13.049094 42.970657 16.699799 175.525997 55.130773 -122.316726
6.138746 13.092496 42.859629 9.003443 161.581019 43.231145 -83.130433
6.540317 13.058155 42.732904 8.603000 324.822868 64.975394 -83.046589
6.701545 13.232113 42.618553 14.285847 160.713293 67.454852 -168.744377
6.318078 13.137856 42.879406 11.999440 91.859821 47.897397 -15.775187
6.705903 13.158520 42.983551 11.330133 172.862023 35.957740 84.032248
6.268443 12.937772 42.899221 13.003529 107.364842 49.825835 178.167872
6.397263 13.095967 42.824150 10.356041 165.139979 52.861086 -55.544191
6.774671 12.835878 42.857230 17.964018 119.727727 22.945454 -120.804386
6.272380 13.212449 42.729328 7.604509 350.726836 69.218648 -109.122924
6.437941 13.186650 42.989609 10.363332 142.091470 33.165490 82.184893
6.659562 12.920020 42.529890 7.678820 61.798161 84.018495 -21.106206
6.532031 13.016121 42.994736 12.536726 199.684666 65.938386 121.687320
6.396182 13.112184 42.730609 3.460505 139.555146 55.599752 -46.420734
6.264947 13.074253 42.782531 6.359143 108.652663 54.365660 -72.343347
6.050500 13.110599 42.757894 12.738283 169.174616 32.268552 97.177926
6.433225 13.316337 42.855013 5.238661 151.055256 48.037998 -64.245752
6.221972 13.235250 42.790693 11.063427 214.137094 23.174044 103.939749
6.972481 13.209317 42.484439 14.469460 151.373633 54.781155 -67.208930
6.479993 13.249422 42.886515 7.057021 145.000375 52.878184 -92.936427
6.741988 13.478048 42.909934 8.959944 153.775994 54.792399 97.652625
6.180326 13.191894 42.848924 14.679964 128.300911 21.633626 -51.079204
6.789486 13.057063 42.862132 18.975617 150.435360 56.273922 -50.297395
6.502301 13.293553 42.817343 10.074279 100.733395 53.839855 -81.277058
6.534625 12.767879 42.945466 6.227512 356.355281 26.702001 -104.543373
6.699460 13.043250 42.941343 4.100986 171.101140 47.173343 -124.117144
6.812216 13.208606 42.659668 6.182993 356.481965 51.214509 -114.005500
6.382679 13.079899 42.861677 11.272934 174.465662 43.685548 -51.529976
6.938585 12.571546 42.771489 18.978934 323.414067 27.698087 -96.064103
6.786239 12.868800 42.931815 8.045401 110.514709 82.009035 -173.388219
6.696576 13.178457 42.963555 9.150114 159.579230 37.837936 118.382371
6.145794 13.154993 42.918352 7.339507 171.988927 71.821628 65.074858
6.696360 13.022516 42.887167 5.661513 124.606901 61.417200 -113.384010
6.785596 13.117905 42.885822 13.073729 166.272919 21.668681 -71.409748
6.949098 13.036640 42.853874 5.272636 175.787695 49.296859 -108.483957
6.754780 13.562099 43.017568 13.704263 143.769404 50.524772 131.828020
6.428399 12.955106 42.903165 10.188058 143.798785 51.275204 -116.720912
6.284187 12.914248 42.725103 14.029683 300.977696 55.606220 55.880898
6.428239 12.962983 42.680834 9.192808 175.150896 44.390676 -114.535488
6.733561 13.146792 42.606833 10.221951 107.531726 59.694879 -75.366944
6.112533 13.090526 42.802661 8.881574 165.004837 40.228798 -112.886573
6.293873 13.029772 42.677213 4.709027 332.060961 28.543231 -70.684427
6.053485 12.999606 42.777434 9.522837 328.756360 35.046179 -127.963529
6.135865 12.962390 42.794381 16.138928 233.816918 41.363255 48.328581
6.030623 13.082044 42.881311 11.310279 315.309120 73.251884 -107.222089
6.847253 13.149546 43.318112 12.877119 133.115271 79.900958 -175.266675
6.581645 13.208034 42.835183 14.368903 151.943161 39.918613 127.246190
6.553851 13.205933 42.563282 5.703826 350.133539 51.889808 -47.652924
7.072564 13.354869 42.713004 10.127144 137.367238 32.963740 -94.573047
6.355374 13.210002 42.759458 6.752385 141.903384 49.755679 -126.741562
6.479481 13.240220 42.854644 11.578242 344.439578 45.871861 -64.829306
6.595967 12.992193 42.774898 7.310097 157.028325 57.316534 -66.838541
6.779151 13.048598 42.760470 12.867450 166.475151 53.011568 -128.014893
6.243728 13.203216 42.902513 16.613083 286.851953 53.403845 118.764043
6.538855 12.996357 42.744827 14.244569 137.858965 47.242699 -94.591641
6.523978 13.047589 42.822579 8.475054 177.590552 34.666043 -103.265465
6.155322 13.101566 42.883002 6.014567 177.569743 47.611241 -62.168120
7.129002 13.227448 43.040069 17.408820 199.485236 68.237554 1.433525
6.826224 13.118996 42.714361 11.544811 85.495239 47.532790 37.159804
6.791889 12.955132 42.800341 12.123443 349.684691 55.000966 -47.871146
6.291534 12.932539 42.721396 8.508581 350.669884 39.663149 -126.907948
6.719500 12.760347 42.658343 3.313475 253.007547 24.788398 -151.267662
6.488723 13.263427 42.681519 18.499870 154.081422 36.859218 45.863252
6.661824 13.184809 42.725305 6.172937 359.874533 50.956025 -22.004956
6.427301 13.177665 42.726624 16.912544 5.455580 73.725564 100.688738
6.365828 12.981908 42.838522 8.693829 108.660307 53.901139 -95.610045
6.257526 13.143605 42.830370 20.354702 38.067200 30.743740 80.333347
7.056642 13.347678 42.868241 5.204819 343.144653 34.218035 -114.338006
7.131124 13.482101 43.063562 11.618764 99.767518 56.232610 -179.746450
6.692460 13.330100 42.680050 12.539832 259.055712 32.146768 127.454672
6.488504 13.011606 42.772274 12.972782 293.176950 63.763340 -126.485322
6.484100 12.976074 42.774934 9.588076 142.902954 53.091276 -48.548764
6.058603 13.171122 42.811336 9.096783 178.724013 36.564577 72.967109
6.766030 13.013239 42.915096 15.171473 254.140335 76.008070 42.320409
6.027591 13.289981 42.822537 8.712344 137.617548 19.409423 128.235173
6.892982 12.848915 42.885573 7.448929 124.382931 44.154930 -58.358183
6.715636 13.579788 42.864763 16.302332 266.969437 32.684787 -104.227722
6.589165 13.321095 42.925655 6.194212 173.314784 24.725406 102.288294
6.223790 13.143094 42.918602 17.439901 213.825774 34.309007 -132.586133
6.684122 13.203576 42.964214 13.581388 154.390833 35.534887 92.370450
6.523267 12.888266 42.713230 12.450417 135.033451 53.711802 -97.023003
6.398997 13.146452 42.763054 12.527704 240.213259 28.505074 19.213578
6.662161 13.728005 42.855359 17.076416 328.138115 47.627432 51.903356
6.235553 13.103622 42.900297 11.797092 162.741949 39.025237 122.567340
6.504440 13.073855 42.735642 12.681406 250.876123 30.010958 -150.081774
6.336261 12.769945 42.890290 16.491935 137.490506 53.697918 -67.312826
6.307373 12.967910 42.929595 11.925382 170.595160 45.185816 -46.244024
6.471026 13.098018 42.870620 11.955901 146.150978 50.706995 -118.725871
6.469217 13.353313 42.979172 5.800901 168.750607 31.815906 112.956959
6.757736 13.313323 42.732002 21.342933 44.952383 42.347260 -16.243545
5.961528 13.061306 42.884890 5.751877 161.073211 45.356489 -77.688098
7.307817 12.778979 42.546298 5.893084 329.191704 35.061197 -76.030672
7.057132 13.072017 42.982375 11.481705 334.651357 72.954086 -75.056724
6.158087 13.144250 42.833494 18.789583 346.150318 54.481851 44.056349
6.660929 13.188015 42.746204 11.442427 212.222676 26.813494 -121.195505
6.531938 13.031525 42.882025 5.754788 310.570980 56.435723 131.090630
5.945392 13.092310 42.736384 12.379048 22.075372 17.068894 104.177589
7.140224 13.285869 43.477652 12.110482 176.123692 86.671628 -33.917399
6.313389 13.235930 42.953522 6.685539 338.750678 65.587870 68.994507
6.486267 13.015565 42.975193 14.577328 338.188427 42.294195 -124.930591
6.335762 13.031189 42.880516 6.667600 295.641372 22.204899 144.780287
6.443970 13.289059 42.926869 10.202315 165.907470 31.992660 63.714798
6.173912 13.374110 42.825342 12.912587 353.293030 23.876743 -76.058765
7.066869 13.377192 43.048031 15.054000 122.072439 35.031641 113.844760
6.674472 13.225918 42.618692 9.317947 174.583374 48.893568 -76.971851
6.911990 13.063304 43.022697 13.272915 168.362461 58.154519 -56.473301
6.450136 13.172871 42.811937 11.258268 140.444294 47.156173 -52.338417
6.564874 13.062773 42.999177 11.956424 334.245266 58.447311 -61.911183
5.720865 13.110945 42.796637 11.231349 295.442166 40.834038 -115.647709
6.205101 13.266318 43.025712 5.045154 179.732812 24.477062 108.821898
7.097699 13.376005 42.748547 10.011153 325.205669 37.417590 -93.383503
6.706138 13.148408 42.620757 13.580814 281.461207 41.968775 -94.621939
6.383506 12.976666 42.845899 12.777988 335.222379 22.011124 -133.753802
6.491708 13.012287 42.885546 9.139796 346.050836 54.713774 -134.624021
6.506190 13.219646 42.526907 8.372498 325.539658 28.056718 -0.895581
6.273788 13.245428 42.938495 9.429538 164.243643 24.890691 108.468798
6.381789 13.183183 42.893507 7.890909 101.830393 15.947548 120.218720
6.290914 13.373374 42.915291 3.524374 178.124013 28.334700 131.438906
6.242776 13.215810 42.987739 5.514813 137.595660 33.554316 69.865625
6.124624 13.076634 42.881416 13.469795 162.716538 36.235636 96.612086
6.275259 13.005925 42.925993 6.924070 301.987456 46.534561 -134.252094
6.019753 13.187348 42.914064 12.960499 159.981401 22.833018 65.936070
6.569006 13.086782 42.890724 8.431047 145.605722 23.525830 96.588008
6.459443 13.021683 42.845080 17.081757 130.423115 37.963750 -97.396571
6.159129 13.070112 42.839474 13.781760 105.880400 40.757761 -116.534262
6.129179 12.965644 42.834032 7.285731 171.308188 48.730370 -86.102767
6.080190 12.978295 42.775304 19.866999 101.381734 31.052125 118.460354
6.531768 13.225597 42.896194 5.321641 174.393825 37.966270 72.433541
6.704573 13.287851 42.690700 3.219137 158.627836 31.450866 95.973307
6.220709 13.168160 42.927182 17.416680 286.741061 66.389473 118.916627
6.553741 13.227053 42.782070 19.912153 346.584629 33.108356 -129.629663
6.368756 12.946596 42.862673 8.130594 172.274209 57.366215 -72.342305
6.686127 12.934737 42.980386 22.118048 139.373222 85.000364 -133.850212
7.117747 13.538350 42.464695 10.373503 268.636837 58.466887 109.324489
6.433874 12.941144 42.869191 8.604607 101.881194 22.612872 -161.318600
6.345998 12.883688 42.901211 8.619368 23.038607 44.979532 -87.147241
6.308377 13.145557 42.747172 6.105106 158.674929 38.390556 55.952066
6.247082 12.970183 42.751259 14.598835 219.286090 51.752705 -35.599453
6.277598 13.308521 42.881993 12.453971 224.432247 18.759979 -112.895668
5.770559 13.152198 42.850593 20.025486 145.601236 25.673637 92.397878
6.620540 12.731544 42.581070 8.054106 147.649800 39.322621 81.426080
6.954054 13.050593 42.644801 9.958416 307.925264 45.766735 -109.748901
6.385617 13.413256 42.808285 5.634511 150.035757 23.873046 106.652085
7.048904 13.038771 42.606866 11.710472 298.068210 62.616696 -78.838715
6.514659 13.230356 42.930143 11.179633 280.766932 45.064441 -69.751036
6.461568 12.715681 42.878501 12.967053 163.185486 86.162818 6.864506
6.657568 13.421013 42.907086 12.028216 44.027871 68.816958 66.099509
6.617923 13.325372 42.691468 7.641382 170.845537 80.316106 152.773139
6.613143 13.275493 42.673857 2.771366 275.604381 27.562599 79.157129
6.628392 13.402476 42.725213 17.524066 73.932455 20.049509 36.336310
5.963706 13.120147 42.829987 9.335768 170.687668 33.587870 106.781699
6.712174 12.783393 42.992191 6.935537 309.787012 53.824223 -6.659438
6.199317 13.284117 42.859597 10.014268 157.618578 21.600915 90.373135
6.741227 13.221447 42.942815 5.459865 110.554918 83.602821 147.697376
6.240477 13.013585 42.844993 8.861030 60.360334 65.327616 -42.531996
6.847178 13.004136 42.862797 13.153161 354.724839 34.044585 -89.980758
6.878128 13.192366 42.917055 15.762457 234.222025 44.980387 83.173295
6.724955 13.648280 42.925640 4.448734 144.770961 45.078043 79.292228
6.198540 13.192575 42.751877 4.175989 139.680385 41.115118 -73.223303
6.532301 13.311082 42.865305 10.611605 229.450063 19.707464 100.651705
6.922820 13.361953 43.118494 9.210773 43.009177 86.222659 36.438309
6.227457 13.010128 42.941819 13.744056 142.497444 37.198142 -100.231782
6.660604 13.215200 43.026128 14.860901 131.974311 34.751812 -59.614164
5.895662 12.964458 42.798616 6.836370 245.226452 37.508612 -113.716649
6.372825 13.105154 42.793255 11.758326 158.397319 49.378786 -57.791204
6.139499 13.239136 42.821941 18.012564 320.199347 53.687029 -57.349511
6.989415 12.535839 43.043808 7.093756 99.272206 45.982499 74.996825
6.640185 13.016616 42.877683 7.903380 343.754383 47.539123 -46.410733
6.725881 13.043214 42.702811 18.375794 146.599444 50.931644 -54.886477
6.373987 13.058222 42.785853 13.355421 78.372550 52.124377 -94.554371
6.755818 13.426451 42.660647 14.950483 129.853093 39.998412 113.147466
6.968791 13.209785 43.056904 7.678113 304.475990 53.105927 83.463528
6.043160 13.074290 42.834678 7.904432 21.918843 31.216497 -132.132073
6.301779 13.099353 42.776687 11.064554 169.632221 76.495330 33.702942
6.869694 12.946392 42.647750 18.881300 343.183796 33.654960 -69.943221
6.467895 12.936334 42.986585 8.164064 157.204828 46.369279 -124.762325
6.570827 12.928708 42.826154 11.740258 106.189872 60.830309 -105.213648
6.482016 13.199990 42.862596 15.485488 231.268725 26.226641 -39.454738
6.753707 13.277572 42.653094 7.378445 209.875770 36.335264 61.766426
6.767306 12.981439 42.571714 12.575372 353.605270 51.940422 -88.636953
6.050974 13.242591 42.882746 16.108846 345.213235 52.324489 19.026735
6.189570 13.091368 42.909880 13.153012 149.173194 42.721141 -45.628650
6.776021 12.640856 42.851994 19.300068 353.362193 25.133327 -120.967209
5.963337 13.101094 42.847072 11.613392 348.249079 58.658438 -121.446550
6.853455 12.957081 42.795566 20.589664 202.766294 77.118051 3.436132
6.398067 13.090141 42.825759 10.948247 351.112507 35.294264 -63.139818
6.563244 13.010290 42.890194 7.900683 126.869385 40.556956 -52.888986
6.785651 13.689882 42.721441 5.080991 324.770632 46.182710 -52.446465
6.332003 13.041656 42.987181 10.318983 173.667865 30.680172 56.407076
6.605310 13.105534 42.773430 10.484755 355.034997 54.440165 -103.015811
6.504550 13.179767 42.642338 4.426539 18.409918 22.729017 -75.125773
5.872269 13.212889 42.830229 6.048393 343.223569 65.593505 -123.426455
6.503027 13.056658 42.977462 15.140789 26.998652 48.583602 134.432435
6.549897 13.220155 42.930752 6.868462 112.979943 26.082570 95.206136
6.408556 12.905907 42.925296 26.864805 328.507580 27.302406 -134.969648
6.789948 12.922364 42.836330 8.738459 167.660012 50.168320 -85.394901
6.457453 13.155742 42.873871 8.515997 170.908108 40.654071 -60.463395
6.569858 13.027033 42.812160 11.166757 169.310084 85.551481 -175.199517
6.339850 12.868637 42.781373 7.308058 195.157114 34.688788 -73.974680
6.461155 12.939230 42.862370 4.426301 344.641067 26.500946 -134.918664
6.342337 13.369734 43.019276 11.952820 171.552733 29.288237 129.058072
6.333077 13.029130 42.918300 11.317805 177.048774 48.702013 -106.678142
6.376353 12.916424 42.734269 12.903962 167.672132 46.146437 -127.450417
6.464263 13.437142 42.914237 15.203258 90.534510 48.833463 87.673647
6.908134 12.771522 42.436457 21.440860 130.603851 59.138716 -93.726196
5.809279 13.146773 42.909904 13.199669 144.518511 32.876359 54.660816
6.141817 13.053519 42.715647 10.500773 164.321404 45.019022 80.733144
6.343009 13.245151 42.925718 4.554695 142.430576 31.920277 134.337570
6.422542 13.038196 43.072922 7.425883 155.879699 21.236961 79.308080
6.490679 13.332046 42.799627 11.258914 113.122273 48.011928 -129.525947
6.570838 12.988562 43.038917 11.162723 347.326532 54.177787 118.799541
5.907842 13.094292 42.849602 9.123820 110.775300 79.560509 139.664405
6.563497 13.077122 42.794546 5.483620 292.262166 17.042953 -110.270989
6.459063 13.275417 42.824676 4.875972 170.211096 54.250345 -66.641062
6.491771 13.132047 42.760335 4.816284 138.785414 20.256014 129.009503
6.029121 13.074762 42.824245 14.443273 166.827192 55.571749 -93.122371
6.387583 13.065821 42.870888 24.306737 191.391138 25.547260 73.720455
6.473072 13.048433 42.955583 13.516805 212.835411 57.565492 -66.700648
6.506599 13.233107 42.823804 8.175134 59.416252 87.538030 162.268179
6.195475 13.193839 42.976840 7.981098 94.622545 81.676022 -111.098903
5.932238 13.149286 42.870681 11.047385 160.624168 43.347418 -64.561906
7.127735 13.849899 42.643093 8.026891 122.313676 79.676606 -167.690547
6.663428 13.172855 42.757002 12.094602 174.140080 48.307228 -87.000639
6.531442 13.241226 42.877837 8.277569 114.617373 63.360914 -56.492317
5.773535 13.209820 42.846193 12.298337 253.947514 26.055841 97.687474
6.718880 13.489452 42.834996 8.342551 166.330938 31.631755 86.511724
6.619581 13.098938 42.875902 10.236183 155.451913 42.184913 -87.231733
5.609881 13.040673 42.892076 8.033436 137.408937 85.562863 -141.973584
6.329638 13.334159 42.953133 7.803785 171.323088 20.865395 64.277408
6.893482 12.844854 43.053915 11.952587 82.212024 87.046502 -152.001211
6.222823 13.244943 42.700159 8.224824 154.500667 26.360264 76.839453
5.967623 13.126558 42.869757 6.824375 138.581990 88.639896 174.056807
6.592055 13.271443 42.970632 4.662331 170.775313 36.375143 130.587930
5.797218 13.029297 42.709230 11.672782 332.205972 36.072959 -87.060337
6.441204 13.051715 43.059045 21.988589 162.261084 52.843046 -124.296649
6.389680 12.983583 42.777327 9.274654 320.188274 59.349345 -72.688501
6.557895 12.966112 42.729207 8.440907 160.478291 40.977193 -133.263591
6.549351 13.535122 42.721969 17.105381 110.714001 45.527613 63.370044
6.438343 13.264200 42.831146 14.937736 353.317193 70.846780 -57.305600
7.214586 13.158139 43.021035 6.494738 331.226747 45.904361 -87.952739
6.341130 12.966622 42.889959 6.051954 169.935595 67.993833 -50.517412
6.205980 12.952287 42.780132 14.118595 309.938332 61.501020 92.320653
6.908151 12.866933 43.050418 14.795541 170.557829 43.030487 -61.752884
6.879004 12.870854 42.742295 10.005500 282.893610 25.100206 61.797751
6.603468 13.096161 42.813800 11.824990 341.682908 20.012648 -74.353139
6.282763 13.020058 42.946313 7.596479 345.569935 44.108158 -71.915778
6.644945 13.080150 42.772670 8.960996 338.279952 39.786094 -121.754773
5.717591 12.987925 42.803865 17.344973 334.068517 27.450600 -76.143509
6.870755 12.935388 43.181980 6.946052 141.893181 41.860607 132.277940
6.441100 13.144235 42.772111 7.829386 172.865427 55.041060 -116.047932
6.781321 13.422218 42.428400 5.806168 94.227901 42.745947 -98.303942
6.714183 13.134017 42.823137 7.113537 143.771765 48.844104 -89.373395
6.332769 13.097885 42.833418 5.595570 140.424229 40.830277 -73.465970
6.415512 13.173518 42.799021 12.214320 161.648722 82.731055 148.727483
6.620576 12.812306 42.904950 10.940512 10.543775 61.473835 17.171362
6.605630 12.698274 42.581536 13.614850 19.920109 52.143294 -38.950798
7.443793 12.107295 42.789109 17.519857 230.842416 16.509990 -99.018538
6.695953 12.952238 42.656970 6.351529 328.126615 29.804460 -105.871194
5.883685 13.261055 42.809618 7.874850 323.603875 52.305979 49.106917
6.349303 13.282425 42.771318 10.531640 178.506905 45.155642 -76.923087
6.796784 13.168601 42.935466 5.374890 92.500296 32.767810 131.489699
6.495938 13.253688 42.758157 16.903596 171.266538 84.687290 5.106295
6.349242 13.321889 42.798158 14.771182 145.598870 20.350381 123.629847
7.271313 12.472965 43.253362 9.197171 170.087362 82.825961 -21.657466
6.120217 13.151369 42.846712 7.489141 169.851643 57.417344 -50.338781
6.477890 13.326633 43.077057 9.423567 163.036466 37.546820 131.876021
6.754552 13.091484 42.495197 4.186570 99.000686 45.018655 -92.331423
6.994311 12.776959 42.826631 11.810093 105.790553 29.742476 -69.473517
6.584471 13.085925 42.700828 6.928505 157.021495 74.396587 -84.088510
6.233326 13.130428 42.883335 8.771220 38.404991 74.662757 80.143580
7.254808 13.183149 42.735889 9.251465 339.839683 56.652232 25.732833
6.800513 12.896547 42.617306 7.921970 324.639548 30.465716 -74.328814
6.323866 13.441520 42.950892 3.741205 165.593467 80.972962 9.252911
6.599087 13.507001 42.884539 11.439153 151.363363 42.629335 55.635680
6.707028 13.443449 42.666705 14.408604 274.573973 37.329053 125.429302
6.297199 13.020908 42.852838 2.539409 334.765566 22.944703 -121.535857
6.562184 13.249244 42.839648 4.753877 139.427935 56.584823 -80.299246
6.375239 13.252829 42.783573 10.021789 352.466529 58.310616 -105.608692
5.850239 13.066641 42.745555 11.964983 139.822661 48.924937 -115.320935
6.734350 12.874124 43.019811 6.013246 342.173985 43.803940 -82.218372
7.128493 13.461088 42.957274 7.287998 179.206550 55.641373 74.143464
6.504783 12.835293 42.843818 8.859140 169.866727 10.771765 78.591691
6.511241 13.057384 42.702392 12.914922 150.507871 48.109435 93.950091
6.141805 13.045402 42.989637 3.589782 352.019422 56.603267 -60.376736
6.630613 13.257280 42.847143 11.224984 359.675798 69.766673 -122.198813
6.412323 12.962173 42.836861 16.250342 98.507950 43.320301 -130.524772
6.005003 13.083967 42.840040 8.769969 23.290596 50.878522 44.774956
6.475990 13.166656 42.813480 3.751174 151.325621 34.836774 -76.417310
6.537005 12.904095 42.914606 3.386246 274.742926 42.878257 62.358789
6.718028 12.979895 43.090906 11.506605 173.740559 31.680360 100.018978
6.648667 13.015793 42.877589 16.768306 347.716358 26.194932 -65.504002
6.538811 13.211715 42.988186 10.388555 82.088095 59.766845 -19.342094
6.803463 13.124875 42.957280 14.652355 164.176245 30.338144 52.264113
6.742000 12.776276 42.469579 20.012280 329.889652 33.160049 -91.985238
6.445096 13.090003 43.087262 6.424452 6.640018 51.365238 73.514488
6.430783 13.187463 42.709734 8.509198 161.027838 49.782316 -73.189759
6.458535 13.043467 42.721653 8.474011 46.614178 88.180086 142.035095
6.786659 13.260500 43.042796 15.026333 166.124546 22.648398 101.533904
6.612997 13.182368 42.761965 18.111237 117.034933 52.401022 -47.599156
7.011256 13.326582 42.859542 7.275803 328.137818 24.991096 130.309850
7.251349 13.123056 42.702079 10.872272 141.196126 50.108991 -112.176221
6.085126 13.215423 42.788315 3.516966 142.193136 48.193070 -58.804459
6.383863 13.051447 42.782748 14.554830 203.678989 55.919438 92.767014
6.543365 13.085632 43.030430 14.084823 117.548295 69.550140 -103.729757
6.473352 13.288677 42.869110 9.098821 41.429427 55.384006 33.058007
6.687069 12.900566 42.733805 7.445405 172.807877 26.000409 -122.372657
6.414434 12.878650 42.940515 9.300535 146.462608 57.860702 -123.737147
7.147312 13.460100 42.831178 17.822967 153.686033 22.786185 104.644340
6.638985 13.308956 42.991570 9.562633 140.075141 41.591184 67.191832
6.790475 13.277905 42.825729 20.615147 25.793032 88.589951 33.399281
6.495309 13.089896 42.794483 8.538958 324.302963 22.208237 -106.915405
6.578084 13.165933 42.979648 14.554894 166.455356 27.851020 68.270469
6.629194 13.286316 42.772711 4.177940 92.090509 54.581845 -120.696989
6.776331 13.325906 42.970743 11.438952 162.671635 24.333579 56.805821
6.051303 13.052676 42.867322 3.092892 106.703291 76.581857 6.062633
6.743413 13.308886 42.964918 5.324325 330.016106 44.141008 -61.802345
6.586903 13.325959 42.677118 10.556731 289.067661 78.213028 161.827681
6.354790 12.934081 42.974438 11.789153 135.246717 49.757068 -107.584423
6.486310 12.978244 42.809439 18.944648 137.543086 53.137159 -57.437873
6.067688 13.113821 42.816236 16.050562 85.970333 84.748149 144.554896
6.409909 13.277298 42.818611 14.809001 138.215583 23.236158 103.761441
6.413777 13.045895 43.038951 16.847466 145.824447 68.843023 -105.012079
6.497472 12.653221 42.704719 11.496932 87.344204 71.668143 -27.495961
5.890782 13.097862 42.817701 9.110003 72.549249 62.178765 75.236882
6.428955 13.230579 42.855559 14.018957 167.588360 49.723103 -72.659330
6.113178 12.968176 42.683911 9.326979 179.595364 56.971856 -70.144597
6.439011 13.134902 42.942029 14.251513 178.036005 51.434616 -126.789457
5.863857 13.104589 42.740400 3.842839 320.175356 40.559815 -51.276206
6.397441 13.152862 42.733831 8.155941 179.693979 30.059961 73.559314
6.649726 13.237068 43.000972 5.782257 151.437143 20.575561 129.225789
6.516469 12.820694 42.874297 10.024960 352.372536 22.591441 -83.145194
6.927221 12.852157 42.128812 9.574330 159.498939 57.823068 54.552704
6.276544 13.270584 42.913702 7.716180 3.165473 65.552352 -90.056482
6.172635 13.120583 42.809202 8.623945 335.571764 29.109415 -95.621694
7.302734 12.992843 43.144709 9.412745 192.224575 79.138916 12.821285
6.644511 13.030808 42.858065 9.747337 142.756223 89.411972 -42.935728
6.484477 13.034306 42.863566 6.527783 318.059342 31.150581 -122.158235
6.990652 13.743601 43.054784 6.720040 249.537398 73.024053 32.911100
6.372587 12.837206 42.941512 10.446008 20.019810 54.729732 -72.149084
6.576789 12.985254 42.808144 3.750540 167.684193 41.193657 -85.401070
6.436997 13.258587 42.664280 17.257290 25.083076 50.171050 -25.411111
6.840775 13.046424 42.827501 21.264528 152.249524 43.030591 -59.618444
7.170412 13.647021 42.382075 9.760031 82.273371 53.762728 50.968511
6.658790 12.990105 42.808768 7.984542 137.888185 53.532949 -120.123978
6.947422 12.862478 42.466208 13.233953 97.473223 81.059598 64.932440
6.401268 13.199658 42.824809 13.551933 349.535191 51.746902 -89.914246
6.602544 12.924810 42.628812 4.898963 293.220682 43.730158 -79.607640
6.922843 13.522492 42.821525 11.407103 177.611321 83.743277 23.526691
6.485172 12.964241 42.784742 9.684781 148.959412 55.426550 -91.887606
6.039266 12.950932 42.945794 4.134303 148.123507 51.881846 -123.283990
6.253234 12.965852 42.909383 6.140760 155.102810 29.493879 92.005514
6.537503 13.025978 42.629315 4.624286 316.106973 48.533767 132.757419
6.714886 13.087135 42.721421 12.612315 172.442716 49.366438 -93.243592
6.318600 13.146744 42.724126 15.896865 137.528055 41.232467 -55.737364
6.733612 13.207735 42.993756 11.833805 151.846666 28.250190 55.455609
6.423776 13.014049 42.856806 7.583420 126.598828 51.566831 159.072186
5.941455 13.050607 42.821650 9.012718 154.145955 46.531137 -125.462600
5.979483 13.207208 42.848710 8.318437 334.647338 48.509549 -118.789526
6.337401 13.246533 42.844614 4.334480 162.852590 31.165899 94.176130
6.634472 13.190088 42.644276 15.524356 332.005320 53.665134 -53.214967
7.607507 12.757986 42.718568 11.138398 137.109860 57.451539 -81.057428
6.300062 13.119116 42.847029 10.642269 144.150266 30.015214 89.217160
6.418858 12.987492 42.958500 3.613647 103.123883 51.458647 -55.644900
6.134669 13.075837 42.832282 7.546064 335.919398 59.636138 -64.359096
6.787594 12.953387 42.803583 7.835923 171.217636 12.648080 -119.804213
6.551667 13.171018 42.845893 9.764258 307.419132 38.202888 -53.219736
6.268478 13.050314 42.691632 15.254171 343.813258 23.578750 -90.822457
6.222418 13.187123 42.856210 10.164433 169.602663 38.273208 78.013028
6.622464 13.148765 42.531270 9.809876 105.892485 53.419964 -100.615627
6.792981 12.820031 42.941572 18.959132 133.474795 85.456747 -161.835898
6.660948 13.034365 42.755122 14.024605 316.713205 39.892488 -76.628687
6.335153 13.052390 42.763163 2.824274 160.089547 41.017190 -76.598831
6.197870 13.062826 42.713887 8.740445 172.265424 41.837213 -70.355957
6.904189 13.213104 42.900420 5.169758 139.133028 37.344613 133.446702
6.405933 13.140398 42.818240 9.031723 238.146293 73.742638 -159.654292
6.428653 13.138858 42.769971 5.780857 279.771164 25.671842 -170.277185
6.199775 13.256202 42.842739 10.674461 22.203642 60.899724 -174.611057
6.317087 13.161256 42.846997 8.042381 146.607559 27.971730 73.130556
6.404325 13.197079 42.785337 10.188953 147.725699 42.239500 -111.084576
6.710950 13.330033 42.695892 24.757032 147.823452 11.600492 -68.292368
6.354353 12.788470 42.882563 5.028412 273.703172 67.649710 -113.546444
6.736603 13.259878 42.785660 18.775653 150.953406 25.501520 -108.635462
7.185100 13.257314 42.589361 4.962230 234.218494 31.980155 -18.809745
6.574165 13.220920 42.789579 11.086167 64.131956 11.407992 108.212790
6.554977 13.062897 42.893312 12.757665 106.630311 68.381357 -118.078440
6.825637 12.911532 42.935807 15.836778 101.005653 66.129799 -91.692447
6.928437 12.981542 42.903729 14.276261 141.098130 88.899024 -142.533027
6.594146 13.413050 42.913226 7.459093 137.797867 29.886164 55.497833
6.649700 13.118316 43.079574 3.692510 250.428509 42.403792 115.773918
5.889070 13.129482 42.868433 7.995585 170.797522 30.166733 71.342442
6.006212 13.207962 42.846287 12.945031 178.093939 35.229782 120.134309
6.072781 13.011284 42.890624 8.361446 98.499929 31.859696 -4.817014
6.380484 13.080234 42.901164 2.890163 169.374387 40.196464 -52.680274
6.358898 13.341327 42.809340 9.835546 166.610110 20.179569 67.084308
6.498734 13.141739 42.647267 11.321398 121.954452 48.184403 -117.577558
6.780738 12.857072 42.885360 12.533423 6.847194 70.718908 -39.948431
6.637655 13.253295 42.680364 5.671917 94.053383 29.739418 -70.534026
6.816039 13.060359 42.645576 12.966808 340.804333 20.817970 -101.412992
6.749881 13.074024 42.668040 19.768876 338.626910 29.189981 -130.295599
6.352054 13.283491 42.879822 17.112367 156.096954 24.837704 53.822967
6.302274 13.037523 42.865100 5.695876 138.654683 42.937481 -87.553250
6.774126 13.019260 42.965789 6.985083 216.862999 49.434268 -79.603764
6.825569 13.073932 42.754733 22.161780 126.245977 64.777881 5.458954
6.299180 13.400644 42.899705 10.862459 164.100211 26.326439 104.224801
6.696344 13.079069 43.157514 3.560284 80.185536 20.019565 102.894953
6.350528 13.025276 42.912210 4.657050 162.804974 51.704133 -90.943298
5.777992 13.209005 42.796285 9.481762 280.708013 45.970166 -4.710927
6.112103 13.130424 43.033626 12.539521 329.539465 44.955162 -54.787300
6.362487 13.118855 43.157134 4.302593 325.597395 45.520560 -129.739924
6.555404 13.592116 42.845780 17.960328 135.793931 23.045740 124.104499
6.625714 13.352352 42.866298 5.984933 2.025177 87.512924 -150.133985
6.506092 13.073557 42.944503 11.753800 255.001846 60.634450 76.778872
6.622048 12.763842 42.792639 15.776208 278.583487 33.158339 -157.196688
6.712471 13.010493 43.182649 12.836333 99.323537 84.324106 8.534835
6.808257 12.858030 42.550784 9.250521 332.026592 44.597154 160.156494
6.995646 12.737839 43.001508 3.597934 226.125893 23.249967 -61.811955
6.889663 13.283283 42.955218 7.603055 286.540057 61.849621 20.396707
6.655326 12.895691 42.783826 10.105817 67.439000 67.571892 -81.881452
6.667854 12.975227 42.791795 6.743049 103.340625 45.957102 -54.672182
6.395100 13.301227 42.819869 7.751146 327.330343 20.023301 -60.893495
6.486606 13.105669 42.851389 15.357752 143.828891 43.316635 -72.963555
6.160948 13.106496 42.817044 15.062851 73.750513 11.707164 126.624589
6.547807 13.282660 42.809816 8.901195 95.995952 84.540522 -120.565613
6.404340 12.884267 42.883756 13.029529 203.002318 67.837475 -162.425669
6.329279 13.204404 42.859372 10.673075 156.125904 45.654854 -116.269655
6.196853 13.136718 42.766267 2.385509 142.802235 20.410260 51.315150
6.549159 13.249430 42.847425 6.039685 347.761387 73.383301 -123.325072
6.661205 12.703191 42.736732 2.460160 339.752552 21.154965 -103.267134
6.839144 13.394761 42.834238 16.443001 177.355427 35.211052 98.804878
6.739410 13.170034 42.862243 12.424795 76.818230 88.345881 -30.783404
7.080246 13.173255 42.788359 22.022152 241.442756 55.788901 100.967668
6.056958 12.996757 42.736555 8.003172 179.775133 59.388237 -132.684190
6.058204 13.012109 42.867873 15.558588 165.673576 64.898511 -54.908403
5.943762 12.980849 42.788734 14.034094 351.838810 32.552699 -70.156148
6.228746 13.098382 42.871858 8.692711 348.102319 68.162029 -49.049360
6.781819 12.815002 42.692698 8.635063 347.013774 36.592062 -61.408321
6.364371 13.070039 42.759613 12.096863 328.692669 22.997576 -129.245072
6.694502 13.295156 42.997483 10.032934 130.419806 19.142459 89.919144
6.083476 13.164069 42.763960 11.572219 136.903484 35.458393 67.943645
6.585148 13.077346 42.936473 9.267053 157.784042 46.623241 153.489767
6.866369 13.245182 42.505040 7.205410 94.029779 77.053690 50.415398
6.412230 13.244404 43.001364 13.407083 351.512179 49.175251 176.738789
6.441685 13.019892 43.077588 6.932908 158.924989 55.773326 -56.798548
6.287444 13.127127 42.760851 11.589576 168.911514 22.707329 61.845787
7.267607 13.417513 42.469962 12.645062 123.804325 77.881577 -140.975736
6.549704 13.050479 42.844976 10.296436 201.003546 44.828776 -72.695000
6.344863 13.121988 42.890964 13.382997 133.935268 26.801622 70.648008
5.988416 12.998608 42.791769 17.303681 150.041440 46.487587 -92.718500
6.102825 13.215131 42.958995 5.447808 153.516332 20.214687 113.389293
6.462357 13.108476 43.050533 5.534923 149.912809 42.190312 -70.896844
6.328392 13.045732 43.011633 10.309983 221.224069 59.756735 -103.836536
6.895100 12.946468 42.661116 7.317552 298.849456 51.754524 90.028441
6.466460 13.330409 42.718880 9.908207 283.086513 56.500030 -66.071386
6.481187 13.349077 42.916103 10.421653 143.778451 26.627139 79.122207
6.314704 13.080630 42.785916 3.281171 144.956602 57.161719 -116.675541
6.383660 13.202777 42.947391 7.550895 159.304020 68.187542 -3.897259
6.675687 13.114219 43.103621 3.546126 143.950576 38.235352 84.123031
5.977831 13.137161 42.853522 7.947935 326.931499 33.971970 -107.677628
6.553934 13.271359 42.747221 8.885105 166.921994 30.610749 80.444356
6.364458 12.806510 42.735753 9.831046 29.431461 25.402766 -72.148057
6.849616 13.008156 42.619579 12.281960 47.015032 41.813733 83.163291
6.243891 13.072514 42.824013 8.457554 126.271531 33.443911 -122.558033
7.316382 13.483028 43.484728 10.776031 308.341383 77.361481 -12.972167
6.854912 13.376589 42.639738 8.874462 355.365684 50.974782 -134.082960
6.307323 13.259822 42.860053 4.244994 159.451797 30.620985 100.268102
6.607152 13.047765 42.840145 7.501839 43.238052 69.765622 72.353244
6.764175 13.434826 42.737047 19.683191 297.352852 78.996584 46.799805
6.871572 13.181648 43.085751 2.984725 152.152269 22.645534 95.205439
6.619738 12.898550 42.409453 11.599976 125.861361 43.409620 -99.607009
6.895021 12.848840 42.954061 17.686270 159.175542 71.216987 -104.094776
6.154806 13.223371 42.872995 11.570936 297.693710 58.995241 -110.132463
6.714362 13.182460 42.866690 9.128639 165.546789 45.836477 -61.802341
7.133118 13.418438 42.576021 10.587520 150.140703 33.728054 113.425572
6.740657 13.014805 42.947107 15.322410 173.313600 55.713487 -123.837167
6.359850 13.006611 42.632024 8.451918 334.267887 38.146536 -73.491113
5.616127 13.058894 42.867061 6.745287 154.043843 51.550755 -53.585395
6.435729 13.405611 42.915613 5.541295 171.573898 22.758721 104.072201
7.032093 12.794303 42.361993 14.588562 129.033016 54.835873 -70.361408
6.022458 12.979703 42.870528 9.151708 320.738203 23.128510 -116.168324
6.132470 13.095739 42.790901 12.134904 120.388243 69.300152 -62.265738
6.488965 12.875489 42.683126 6.926183 165.043695 44.226387 -62.544180
6.578814 13.338410 42.740520 17.231994 31.036603 25.494346 -74.182384
6.493142 13.154569 42.736150 16.794158 262.115713 75.410823 44.936744
7.256189 13.944578 43.007708 7.373489 139.291907 52.568039 129.122979
6.563631 12.895709 42.804725 4.914484 346.969141 49.788724 39.297005
6.353427 13.000339 42.724028 11.753643 358.759934 28.180709 -120.845173
6.413715 13.144225 42.811127 2.549816 148.204371 30.619387 110.728935
6.707069 13.061379 43.026101 7.337335 175.764224 38.974076 110.891224
6.218224 13.053211 42.840104 14.156615 85.400701 48.574120 133.820804
6.887022 13.286819 42.930671 9.651427 211.000364 45.802772 -95.792096
6.241890 13.116072 42.748587 14.479982 147.497949 38.210923 55.522259
6.212856 13.112994 42.869179 13.226678 148.737618 47.339449 -46.868537
6.461843 13.134124 42.826680 12.516820 177.323797 44.499982 -87.186045
6.319563 13.276182 42.772258 18.901089 148.373999 32.057535 87.954292
6.851903 12.974584 42.680101 13.812966 9.888716 59.123684 25.940774
6.730154 13.359696 42.669469 6.728216 276.847579 51.333792 -56.728062
6.793862 13.255594 42.531345 8.541169 321.232181 38.363253 157.193304
6.517064 13.062314 42.731195 5.275340 178.443545 49.049902 -134.072100
7.024953 13.244497 42.418748 15.363687 280.699320 44.081769 -60.501092
6.302969 13.270286 42.677041 7.019614 176.576425 38.744804 68.498842
6.376797 12.901624 42.700871 12.843983 162.328758 56.775336 -76.702374
6.763648 12.991272 42.717591 4.316314 347.826635 23.477123 -87.167597
6.297798 13.352302 42.833673 12.256482 101.956198 46.263727 -56.058179
6.610290 13.249891 42.809014 12.343032 142.315096 41.485143 -131.072773
6.593961 13.318107 42.876702 13.370646 324.605142 59.129129 -80.378568
6.971430 13.419979 42.754738 9.934533 147.461207 29.814015 102.503011
6.846831 13.373305 42.941917 20.472222 82.403951 52.482976 43.962181
6.138983 13.140760 42.899014 16.131727 149.186881 55.449520 -67.410271
5.843691 13.035729 42.828359 3.876522 68.438853 87.766912 -28.441784
6.549604 13.044947 42.923593 9.495739 168.896297 21.489527 84.368769
6.777812 13.040834 42.554440 14.424079 333.724320 33.906974 -121.931924
6.419801 13.066273 42.726039 16.001169 142.728485 41.486844 -51.319919
6.850185 12.986103 42.823135 13.865684 25.723206 85.096359 170.187354
7.061713 13.394233 42.848424 6.828271 162.969750 38.708513 68.461247
6.248958 13.317189 42.899206 11.430102 138.862296 34.501791 54.320845
6.648422 12.899952 42.765440 8.558673 356.867518 30.885428 -133.389538
6.068253 12.999112 42.923819 15.243658 349.706124 71.395965 -130.863857
6.412457 12.965568 42.760834 11.474172 105.759189 82.088040 -143.108009
6.590214 12.884540 43.053744 10.189238 164.782155 53.689803 -81.487976
6.803921 12.932463 42.837184 8.837018 39.727333 21.934341 -78.624549
6.502673 13.309096 42.873892 8.450506 91.536410 45.280756 -97.087865
6.055418 13.107658 42.809841 14.992855 172.365213 27.970157 45.281403
6.413938 13.408265 42.756687 17.007288 158.789015 43.953537 -72.501918
6.565185 13.146990 42.805777 9.139519 287.655232 66.875145 -78.433400
6.563163 12.870032 43.025071 3.734898 176.953369 43.743125 -128.259027
6.621047 13.588057 42.758188 10.093491 71.724102 74.556932 -22.191726
5.840598 13.082914 42.824985 11.798841 32.295792 47.514268 129.062718
6.278354 13.105047 42.864154 17.440011 154.058911 50.442957 -119.113673
6.661803 12.962055 42.656620 18.026645 352.742826 26.765170 -106.964248
6.422449 13.289117 42.928980 11.532569 147.785263 36.163285 119.447653
6.140418 13.112437 42.877824 6.877083 155.297541 40.013892 -88.916049
6.354364 13.071657 42.746785 12.019676 255.726021 46.398577 133.741662
6.734145 12.689016 42.810883 7.200346 296.519971 31.938235 -126.326330
6.487807 13.087073 42.887168 12.616046 83.282213 78.992276 -4.094064
6.378618 13.020203 43.011910 10.520982 171.758671 36.462299 111.284255
6.338109 12.915860 43.002796 14.866575 161.183045 24.030875 75.608257
6.302013 13.238091 42.891781 4.897169 138.810996 34.450774 88.691653
6.855262 13.246573 43.100516 16.007377 162.171461 24.182925 55.682931
6.740355 13.179011 43.049009 5.546128 183.691872 35.858722 -111.284436
6.608279 13.118791 42.940553 13.028720 161.972573 21.419577 106.096317
5.842565 13.105471 42.803038 11.388695 107.748146 54.731136 15.211933
5.894763 13.108131 42.721323 10.389277 140.770409 31.995227 72.941221
6.221326 13.053304 42.843458 5.150667 34.977238 25.171093 -44.614092
6.475326 12.846330 42.880797 8.589007 330.745287 30.689988 -80.754789
7.132433 13.114304 42.842895 13.741512 166.931363 32.205655 114.704054
7.208720 12.284559 43.378117 18.929163 356.046864 53.095950 -60.745213
6.707046 13.491164 42.747457 14.680457 164.520923 23.737648 90.803646
6.373809 13.236919 42.961988 4.286067 128.819861 53.948213 45.658622
6.622216 13.354091 42.700556 5.197392 132.904920 10.162223 -93.065345
6.052856 13.012745 42.788038 11.419906 317.900585 37.056182 -122.859599
6.610637 13.054796 42.893890 11.620881 134.971919 39.014634 -113.128107
6.662728 13.369591 43.029320 12.663600 288.396183 54.131388 108.241290
7.176033 13.103794 42.530764 22.194967 154.234549 59.779246 -78.999141
6.722576 12.947942 42.502499 5.752628 261.798523 72.644952 25.568741
6.514904 12.710319 42.735091 7.903952 325.708256 62.321987 -71.180870
7.095380 12.740275 43.103498 10.190955 322.854947 33.781531 -110.694613
6.522075 13.076444 42.849906 11.368394 164.200785 42.635030 -98.827335
6.613204 13.013795 42.679648 7.154799 166.865464 85.794741 -100.722130
6.867955 13.172633 43.222336 6.261763 149.450643 22.462329 63.679990
5.949127 13.021512 42.832341 7.128279 294.433408 41.932852 -119.602727
6.061833 12.890176 42.841524 9.355894 322.227328 20.290191 -123.669955
6.663291 13.172664 42.751558 7.076069 326.492408 56.539861 -132.463135
6.274715 13.050940 42.976961 9.016941 157.149144 43.443246 -52.769742
6.622641 13.259648 42.830832 11.755357 242.638886 75.545456 -114.923458
6.651160 12.911423 42.893538 12.626555 352.397498 56.564534 -103.196286
6.612424 13.435107 42.906795 6.129666 103.933087 39.059071 -69.296212
7.163514 13.247465 42.755396 19.751087 327.466951 42.400825 -54.121398
7.094027 13.481871 43.046010 14.393047 133.016043 87.801164 171.386115
6.246551 12.927250 42.863848 14.995143 248.163251 59.374452 31.815484
6.588837 13.016386 42.693525 5.767133 143.876294 32.713136 -88.367188
6.533048 13.282587 43.033856 12.330244 254.461251 11.749445 -34.897601
6.618166 12.977558 42.931376 7.058424 100.292323 78.712220 142.990581
6.627093 13.045423 42.596216 10.020881 332.469228 31.814498 -126.918614
6.167360 13.061446 42.696134 9.425865 263.067298 24.186748 178.986157
6.894108 13.236263 42.692249 7.412194 162.878025 44.577621 -81.031578
6.523239 13.402505 42.682679 4.216857 353.762796 68.740399 -114.911356
6.132965 13.087432 42.912348 9.689688 170.678661 54.983615 -54.042568
6.624814 13.117714 42.731311 3.591145 249.666044 17.144327 20.278359
6.735274 13.108744 42.895981 17.825915 139.121946 46.433214 -126.725926
6.364723 13.078637 42.691523 15.740662 329.566225 34.342931 -74.733567
6.812183 13.277630 42.745346 16.690485 329.079491 36.499774 -65.865420
6.538496 13.300416 42.762079 4.606659 170.350094 38.508919 55.223530
6.546809 12.952513 42.865919 5.789753 213.133093 39.109634 18.245185
7.076104 12.710016 42.391437 6.675240 103.936305 60.456843 -51.077959
6.328511 13.040826 43.068680 11.867504 155.408113 58.575270 -131.807494
6.643218 13.241825 42.906527 4.146987 213.567942 52.568603 -64.122333
6.726398 12.978885 42.825241 6.557501 160.198178 47.462054 -122.003512
5.923086 13.096206 42.815533 6.984887 142.081185 59.484086 -110.234690
6.431419 13.085359 42.696661 13.467245 337.981346 35.437007 -100.235413
6.954439 12.948866 42.824038 16.331418 34.955061 33.901189 145.336605
6.392442 13.220262 42.822910 8.789619 141.535310 33.795643 105.698727
6.341206 13.086862 42.892318 12.316076 321.763718 19.736333 90.817460
5.888289 13.133509 42.931143 3.424199 178.542358 41.908177 -128.688230
6.549315 13.063191 43.012219 15.654004 154.375718 45.650158 -85.503629
6.429439 13.039852 42.807178 14.372996 349.426764 50.544821 -92.161137
6.122553 13.117126 42.901014 15.613713 170.990961 21.369226 85.391978
6.581188 12.954977 42.786216 4.036356 80.249867 55.374371 103.516233
6.339060 13.120218 42.945132 10.383485 146.496745 88.389863 -52.495383
5.873621 13.112036 42.821134 9.003725 348.046115 57.871942 -90.927441
6.307465 13.052217 42.659640 15.239496 140.240467 52.000443 -105.244861
6.693246 13.145703 42.629951 5.204135 124.525096 81.888278 3.709096
6.192101 13.003656 42.963445 12.708434 101.012723 52.891707 -98.488915
7.180336 12.750576 42.951556 9.286947 171.571423 57.099989 -119.173578
6.319178 13.070008 43.104262 9.739198 209.891260 42.883656 -102.066877
6.842991 12.538324 42.870219 5.264912 313.174958 45.262321 -45.428358
6.664636 13.035161 42.935178 10.915361 159.256787 36.959460 131.661011
6.222792 12.850240 42.831952 15.388180 147.596026 57.846671 -83.544154
6.309550 13.251242 42.976130 12.745099 196.828658 72.618747 -165.263320
6.197165 13.042961 42.820762 19.465136 350.855601 22.539908 -47.851120
6.607743 13.327781 42.833696 11.745911 150.659163 36.961541 108.437148
6.344313 12.999632 42.914728 9.335691 173.581788 34.820341 105.347491
6.359712 13.101538 42.789131 3.816508 81.865950 80.061831 88.446936
6.746881 13.373569 43.083907 7.981921 145.509369 41.451117 130.423236
6.233428 13.215850 42.849148 13.437143 332.986504 79.743067 -74.965153
6.551531 12.970574 42.516977 17.184308 292.885709 74.954201 -178.348194
5.950772 13.050375 42.790801 2.109810 326.918268 33.583214 -114.166171
6.195643 13.247381 42.847881 10.621772 199.217359 29.230420 129.633688
6.200244 13.075245 42.825138 12.813870 321.860502 20.853072 -103.049384
6.621274 13.195284 42.688040 4.238460 357.614625 56.936923 -110.296606
6.388332 13.172062 42.711699 14.167695 35.757284 86.977491 10.026225
6.779789 12.914344 42.450390 9.749484 357.424793 37.065443 -50.331793
6.448491 13.114957 42.739779 16.606999 142.121213 59.985708 -53.041773
7.297199 13.850976 42.299042 13.871805 160.394378 56.542388 -124.616002
6.439012 12.844211 42.827742 14.506380 97.921103 57.021363 -64.425033
6.491619 12.924466 42.590500 5.808051 136.525174 22.994166 -110.211001
6.280786 13.031330 42.782425 14.579992 16.206031 50.782998 81.176986
6.359126 13.229490 42.795760 18.448934 165.995965 24.897303 105.664759
6.069718 13.095263 42.920557 10.103901 198.311476 46.267587 85.183120
6.883872 13.006581 42.930234 10.491179 143.191384 27.731612 -50.489684
6.687773 13.285316 43.052796 5.182913 174.851672 25.210326 77.882962
6.232240 13.191704 42.852478 7.821805 337.717857 33.128992 -46.218362
6.670138 13.318119 42.818112 10.667229 62.720949 51.454976 -66.953487
5.975308 13.059638 42.867629 11.065627 354.913924 26.304227 -94.980109
6.360667 13.204719 42.838793 13.615088 318.793319 72.378184 -112.095626
6.281110 12.961455 42.857813 15.917999 145.242607 55.112978 -73.934964
6.614379 13.020938 42.853923 9.502405 337.857900 34.170453 -49.724962
6.926579 12.792949 42.669418 14.215946 235.741889 77.194404 152.362309
6.704103 12.928388 42.812857 14.978467 211.780982 67.721477 155.749224
5.960172 13.147093 42.860184 6.987026 136.658909 29.789468 51.702785
6.842806 13.159926 42.902302 5.665644 143.034978 25.229310 113.837060
6.918229 12.773675 42.935344 11.624626 340.035065 25.469507 -66.994201
5.975788 13.069542 42.717503 4.561702 163.469709 45.459271 -58.458734
6.364736 13.213719 42.791137 13.016486 109.841170 83.299234 -165.029762
6.979348 12.745851 42.310834 6.572145 286.854283 29.571346 -110.532468
6.608886 12.990425 42.811708 5.034645 327.009088 37.832013 -127.733750
5.973898 13.199048 42.922838 11.937687 179.234274 34.116722 52.439231
6.035030 13.066822 42.824617 4.150551 164.400085 58.544910 -71.961316
6.759194 13.635171 42.975777 10.379126 135.743953 41.396928 54.294841
6.499637 13.238234 42.726077 10.449437 169.325339 27.799084 113.278620
7.033152 12.826059 42.683849 11.219240 8.619128 34.679155 -118.239910
6.989660 12.710944 43.243442 8.315415 136.431596 49.092685 -86.349029
6.590491 13.250967 42.890796 15.541244 135.038511 37.206040 122.701797
6.991851 13.235880 42.526534 11.670815 41.179873 38.574972 28.594559
6.566041 13.117878 43.042199 12.392014 171.005459 50.978395 69.099006
6.250551 13.041764 42.795286 9.976344 347.459236 51.982219 -103.118374
6.441169 13.311814 43.037161 16.440725 120.703042 41.127442 107.260792
6.414932 13.207224 42.869529 18.424436 146.479978 42.849947 -52.682475
6.588026 13.094538 43.099465 8.138958 273.122250 23.163512 125.644938
