6.842002 12.742075 42.720898 9.702567 318.604694 52.678501 -109.604357
6.432287 13.203667 42.922214 15.736254 42.730226 53.232984 85.648154
6.617965 12.869018 42.761085 7.821678 345.515035 33.436681 -49.914784
6.352485 12.988085 42.847293 14.388318 146.344007 48.477937 -58.550419
6.299422 13.074671 42.804868 10.754992 34.132195 72.366663 -117.222881
6.724088 13.240363 42.961518 12.887447 6.288865 60.742521 23.976095
6.320191 13.071329 42.884763 15.088871 137.366368 51.489310 -112.433795
6.801764 13.115447 42.737214 11.592092 159.884911 23.722389 90.945718
6.275261 12.813645 42.921049 12.031368 101.178857 34.247723 -56.678183
6.208321 12.936571 42.865871 16.124137 72.584888 70.009221 156.750544
6.656484 13.361462 42.920684 7.346238 117.301693 80.705580 135.765209
6.422605 13.122178 42.933016 20.797079 300.582085 53.470071 -66.257495
6.612764 13.271792 42.851067 14.706263 345.561179 59.595943 -121.112307
7.034746 12.592293 42.633611 7.250715 70.010652 83.426568 154.948245
6.466798 13.119419 42.774024 3.698351 171.635962 24.614379 46.094763
6.208352 13.186530 42.792584 15.269042 159.728757 27.038846 73.850053
6.913058 12.926014 43.128938 6.708635 176.886211 22.841834 94.902696
6.273457 13.211818 42.871453 6.745148 275.572258 32.997739 -69.554595
7.299885 13.325470 42.307165 22.011314 39.806562 82.684609 -167.361887
6.309296 12.976600 42.940406 12.159525 156.696951 36.049643 60.293835
6.769730 12.751539 42.576136 11.323838 165.299033 45.748129 101.709157
6.168158 13.311513 42.932388 3.530321 356.062999 14.061487 107.188112
6.323668 13.011912 42.795536 11.825930 137.504727 51.776976 -109.880153
6.020999 13.082558 42.863856 6.996413 344.439344 64.353870 -45.419032
6.274447 13.011501 42.951694 7.346383 174.695031 35.474906 70.619418
6.199819 13.246447 42.767089 11.249312 164.105879 32.533702 105.530423
6.312137 13.189102 42.814706 13.936158 93.831291 62.149225 -73.908109
6.346391 13.215244 42.789709 10.855643 142.553071 43.280358 -72.139396
6.954180 13.317310 43.022736 11.264091 149.759590 28.805819 113.909670
5.732095 13.115249 42.810793 10.672238 113.125106 81.204069 -179.504590
6.535589 13.242307 42.773592 8.857274 301.907200 67.702992 -119.166876
6.533073 13.130153 42.920845 11.357382 50.182331 86.738720 163.033598
6.787404 12.788534 42.747845 10.279037 182.910996 51.828300 -90.408133
6.579103 12.869429 42.516194 16.153815 353.472911 35.090480 -117.139534
6.525880 13.102937 42.591100 10.548281 91.662371 58.142107 -68.462921
6.694336 13.084093 42.764886 5.840227 205.404985 38.049436 133.031674
6.731115 13.088707 42.945648 7.023071 158.588939 41.230638 -70.960508
6.620652 13.351923 42.847487 9.778722 172.180914 48.044363 -87.675749
6.786678 12.832632 43.193125 10.208436 351.438105 30.291038 -112.404343
6.697010 13.081155 42.954025 8.818314 135.746750 59.822317 -72.158893
6.413182 12.901003 42.952485 7.230620 163.591108 52.098898 -54.388543
6.182911 13.169568 42.843534 14.038989 140.719607 40.379632 -95.579119
6.602028 13.252044 42.825095 9.615415 153.979190 40.564448 -107.499802
6.311802 13.085593 42.835000 3.240134 152.653439 49.039209 -79.349387
6.793598 13.140505 42.962376 8.426154 228.529451 75.824252 -149.486953
6.356852 13.157434 43.003079 6.302036 141.202732 22.032499 47.070180
7.095668 13.538085 43.291965 19.418049 166.814475 55.371039 79.717206
7.091941 12.306490 42.881944 7.539893 234.971310 79.871823 59.977389
6.589951 13.031590 42.834461 8.433812 321.555012 37.011605 -71.723446
6.818861 13.212988 42.372504 9.852747 41.143158 83.631115 27.316772
6.146029 13.088267 42.925438 11.952649 325.121971 54.741710 -58.212862
6.794771 12.986431 42.689226 9.832932 337.198365 24.049377 -47.222938
6.655074 12.835559 42.905885 14.053314 346.303203 33.330293 -49.606712
5.983667 13.199373 42.817599 4.673069 146.830808 18.761504 -49.081476
6.693647 13.275890 42.870771 5.053036 169.222098 30.572416 128.369752
6.158849 13.072278 42.893207 11.048329 135.239254 54.395739 -91.228430
7.184556 13.309736 42.729759 14.484408 239.050275 21.134674 34.812415
6.522009 13.139003 42.684060 5.797029 175.369556 28.392047 115.600657
7.068712 12.896237 42.680640 11.481378 349.135889 70.632961 -166.385383
5.928574 12.950560 42.776558 11.420347 166.730093 53.335322 -114.263804
6.171669 13.322588 42.745249 3.243398 339.694441 57.454609 -120.994027
6.274659 13.115895 42.776345 6.366240 178.957907 31.252894 65.314824
6.827128 12.993405 43.075494 18.080662 318.864721 50.407913 133.513588
7.053752 13.090723 42.779960 11.587974 153.341031 53.060831 -80.500005
6.929430 12.814483 42.913260 13.150897 78.638839 71.841529 66.511911
6.305305 13.219483 42.789877 13.084576 324.719160 45.515129 -132.757371
6.114602 13.097226 42.823780 15.272829 11.977305 34.340570 -114.619272
6.987050 13.097032 42.652139 11.645637 244.824427 51.901253 -77.905433
6.673371 13.217364 42.679303 14.191964 359.552169 51.583155 -96.838831
6.869116 13.108610 42.527147 15.982676 140.592933 40.257842 -78.889744
6.228453 13.234466 42.675415 14.609459 139.741420 38.200437 118.123082
6.544978 13.225535 42.830514 4.506470 65.546039 78.350291 -177.825938
6.070753 13.057845 42.783172 13.905166 351.667563 31.233425 -115.994284
6.468099 13.240224 42.938808 10.576384 172.388974 39.803446 50.050235
6.874114 13.510854 42.976870 17.362488 156.899024 59.036234 79.953969
6.538940 13.161007 42.968642 19.065570 171.062046 23.801957 125.161366
6.246843 12.946737 42.857975 5.167145 69.758653 85.801932 -147.789022
6.434406 13.167583 42.933845 8.321027 157.025264 20.228697 118.217564
6.555369 12.689682 42.708786 7.313994 202.975053 45.750010 -128.951482
6.907496 13.180396 42.949161 11.270670 174.988908 76.577711 -165.065112
7.155707 12.594457 42.597589 20.713461 293.886052 53.685264 62.242092
6.254478 13.066091 42.948454 3.484759 353.202308 78.783479 -113.628771
6.966174 13.183939 42.808655 7.108893 148.853125 25.794850 88.903345
6.734341 12.917528 42.846302 3.929585 357.731516 41.728536 70.901866
6.563794 13.141735 42.846254 16.115686 33.784314 13.411424 164.079507
5.920546 13.042743 42.744379 10.906033 346.514854 59.564933 -84.082708
6.166453 13.087421 42.699092 12.305900 158.829916 64.519293 17.878859
6.351077 13.348692 42.864784 4.291981 136.542025 36.214828 67.318071
6.317721 13.152922 42.818490 15.342566 288.528613 25.967421 171.496238
6.895793 13.072807 42.974599 14.546084 29.711187 83.775363 -164.854030
6.238052 13.277362 42.841694 19.409951 160.054619 47.759540 -81.497566
6.156513 13.142953 42.897708 7.310560 127.925510 54.304722 -79.941901
6.091189 13.077501 42.702623 9.858009 151.962944 52.918237 -90.715069
6.555834 12.973163 42.830720 10.047762 252.818247 40.615360 142.966838
6.184902 12.902355 42.716403 16.924420 194.787371 56.779266 49.935222
6.484156 13.258443 42.948703 16.142793 104.042414 44.145131 64.618303
6.041317 12.946444 42.872811 11.629959 156.689331 49.793866 -94.442560
6.783180 13.026045 42.763390 10.811907 153.685105 46.422302 -126.258678
5.932125 13.233495 42.868502 10.601503 130.343168 35.349417 -158.673565
6.525032 13.248365 42.923914 14.509573 144.115530 37.433880 117.054715
6.237506 12.912943 42.864393 11.067359 331.220188 59.845411 -95.355874
6.628980 12.907049 42.558097 14.353998 87.811490 11.951708 52.565398
5.618445 13.056310 42.856817 6.837951 158.081824 41.778024 -112.992818
6.052893 13.100863 42.665967 18.116423 142.435683 34.760507 76.212160
6.555599 13.065090 42.763573 13.905913 328.024946 35.447978 -66.482376
6.580011 13.095202 42.722616 6.424579 178.721079 57.555090 -113.393650
6.408266 13.279608 42.846497 10.739969 159.084162 22.071939 125.762844
6.403049 13.223334 42.789104 10.806122 159.771205 30.655741 45.353657
6.256070 13.061083 42.900870 9.256166 136.808539 28.839158 -81.228952
6.638877 13.143367 42.812709 8.829866 173.937450 37.328379 79.730151
6.712111 13.750975 42.861669 15.632087 142.072090 42.528629 113.165608
6.161918 13.186167 42.846107 13.976437 148.028426 23.444565 52.433866
6.980128 12.785703 42.839397 18.214234 37.303517 81.873058 -80.741154
6.637679 13.265142 42.921366 13.363885 143.691869 23.889791 67.140976
6.027810 13.079666 42.874339 15.073680 117.508552 62.524056 -107.711557
6.288572 13.273074 42.941071 21.494515 150.397510 35.660623 60.438189
7.143261 12.776940 42.679548 8.156585 325.671915 26.869989 -103.288370
6.545990 13.462097 42.744192 11.746182 280.075044 63.151796 120.831780
6.259209 13.147782 42.793781 12.810874 30.201792 88.472156 -1.623420
6.551041 13.008998 43.066484 3.869601 347.335546 52.744109 -14.737300
6.584805 13.135732 42.948245 17.071663 62.794178 33.306514 51.398408
6.814621 12.828866 42.709598 13.897170 171.578853 78.669571 87.470719
6.510509 13.268247 42.864198 2.273141 160.465041 17.380387 -118.990010
6.762489 13.050541 42.797916 11.175093 165.430427 43.788348 -124.211764
5.895340 13.136378 42.704031 14.801858 47.494231 85.706268 142.018718
5.837051 13.074413 42.830139 4.731610 277.339457 55.875564 139.799514
6.852257 13.701846 43.270647 21.491770 145.462388 37.174269 60.134078
6.498741 13.193922 42.729130 19.175816 26.323624 46.013381 72.319310
6.504600 12.968525 42.800600 11.160450 67.028791 47.169983 -132.290849
6.536550 13.180121 42.713106 12.622146 14.144492 36.028675 -63.899233
6.689741 13.100573 42.915544 17.931361 283.775973 29.873673 66.312125
6.451340 12.888932 42.612544 7.934904 356.498658 24.900253 -73.676137
6.313109 13.218896 42.833353 10.397977 163.539005 33.614919 132.422638
6.214700 13.201979 42.939282 13.846231 169.790695 36.955856 80.977503
6.205225 12.844453 42.812571 10.384965 157.111551 50.418583 -118.018469
6.360041 13.311567 42.929810 8.141730 4.088150 30.363073 128.939844
6.621806 13.154160 42.641641 11.078618 170.534426 52.865448 -82.004725
6.720172 13.141847 42.805448 9.489188 144.854920 26.642245 76.753708
6.587473 13.054848 43.029322 9.401396 3.674024 82.986361 -156.664214
6.313341 13.159695 42.876908 5.919036 147.965101 36.390493 115.163697
6.406120 13.085849 43.083651 7.413494 136.988607 55.299280 -131.589468
6.143598 13.168370 42.743626 16.043313 114.890610 51.907848 -105.251488
6.795993 12.814406 42.748461 10.328450 74.688449 72.570438 -157.234521
6.498822 12.960770 42.912591 6.783166 315.615096 20.985172 114.332752
6.750274 13.238929 43.039406 15.363257 162.727242 39.888370 114.169913
6.731682 12.816905 42.476722 24.992286 57.460984 81.900297 -155.728029
6.450877 13.003672 42.858072 12.227610 326.231728 36.483342 -125.769434
6.602116 13.119340 42.824923 11.533055 331.586199 41.662682 -126.280415
6.030395 13.259481 42.936269 11.102931 310.287630 47.586618 157.151287
6.635698 12.911375 42.852046 12.922865 350.660962 22.224268 -84.680377
6.290039 13.155033 42.895290 14.918671 171.245249 26.016981 92.099176
6.055702 13.165028 42.810422 12.969563 138.618881 53.769488 -79.736078
6.752726 13.139166 42.855904 10.800814 156.987110 87.721760 -148.463422
6.062140 12.993308 42.805648 12.280763 117.877910 48.098245 -113.270115
6.679946 13.266431 42.861809 10.859191 164.441592 48.066925 -52.771865
6.711639 13.202571 43.237105 11.128666 164.573386 46.649721 115.896789
6.317578 12.906328 42.834044 6.823539 29.477109 40.192659 133.599624
6.099586 13.054680 42.682571 7.227311 300.639461 56.026544 49.697648
6.528040 12.974681 42.675022 9.056907 333.301821 22.707489 -103.151267
6.292491 13.091572 42.807397 10.025857 137.767175 22.283421 -82.764389
6.329616 13.222721 42.743857 4.188453 317.457887 36.527870 -111.719013
6.526571 12.929051 42.765925 9.247918 102.494671 45.489845 -86.669723
6.815252 12.944413 42.703337 20.466463 349.687027 34.518030 -100.968201
6.011220 13.178254 42.837605 12.600175 177.576276 23.514386 95.118886
6.763030 13.278753 42.719694 9.888367 138.574713 31.479264 78.206979
5.996770 13.020748 42.798110 12.755169 316.499922 34.863468 -52.686993
6.991579 13.100941 42.668729 11.665095 211.774475 39.269038 85.076746
6.289685 13.084974 42.893004 5.941449 175.646190 44.017009 -108.796963
6.194458 13.010981 42.814314 7.814011 346.632784 30.551360 -71.894646
6.937229 13.605556 42.697131 19.485223 136.999075 31.119046 71.542242
6.354205 13.256650 42.928759 8.825346 150.232351 23.384635 55.937454
6.516858 13.093830 42.810855 11.776550 161.038411 47.969191 -95.139708
6.572774 13.146491 42.990299 9.674652 147.794218 31.385705 131.862983
6.434886 13.019176 42.662096 14.365173 36.207531 47.478330 -116.412848
6.376969 13.150423 42.869614 14.610804 160.509873 72.553789 -78.724647
6.679251 13.124194 42.896880 4.552525 136.767219 59.314916 -94.699721
6.384740 12.963117 42.767157 6.701352 195.244964 76.074250 127.575887
6.620196 13.175584 42.906468 6.695874 138.022978 39.749628 87.863798
6.859827 12.898379 42.916974 15.327380 145.983295 23.895436 126.308655
6.471996 13.234942 42.902791 17.226080 276.990223 51.214141 74.250686
6.643047 13.246197 42.672438 7.789642 316.486158 46.387727 -90.187807
6.292084 12.972722 43.086743 9.014757 167.312860 41.933382 -114.660515
6.135251 13.167496 42.819477 11.821878 159.530270 16.963992 -65.338356
6.501005 13.138955 42.614735 8.673589 167.341276 29.104768 -124.327641
6.808454 13.132198 42.821041 6.632667 171.627286 34.020285 74.417166
6.755171 13.233936 43.076285 5.763402 99.411335 46.667944 -69.993619
6.197950 12.891201 42.813827 6.875086 198.664359 25.706451 71.422550
6.391430 13.065988 42.885814 9.928330 340.664875 42.885146 -120.479486
5.940826 13.308293 42.848050 2.609872 293.337573 65.772240 -117.309926
6.930476 12.685206 43.028215 11.009107 264.978842 63.546621 173.604219
6.475019 13.180204 42.716844 5.843669 154.773280 27.974574 54.386150
6.433241 13.355168 42.867163 8.728619 136.380611 89.129405 -165.600447
6.667095 13.020059 42.738245 7.897363 322.168541 30.843709 -53.134922
6.781844 13.004734 42.814331 5.310962 355.260243 68.021402 -88.638603
6.650795 12.802538 42.837758 6.714252 328.849502 31.344698 -131.136980
6.592372 13.078404 42.775981 12.903664 158.468868 80.039480 148.340502
6.619816 13.080922 42.815700 11.454285 168.637628 41.085277 -55.720131
6.818560 13.343220 43.017195 18.228097 171.063792 27.809027 105.347130
6.808032 12.764700 42.437193 7.464461 63.153798 22.622936 108.051964
5.920854 13.100644 42.846272 13.110607 349.397128 76.783539 -67.386927
6.599557 13.155615 42.879171 4.824245 131.897023 29.662764 -132.514531
6.345857 13.012170 42.856216 2.394490 348.490614 29.389075 -128.092401
6.221860 13.171329 42.808130 12.906141 52.307829 46.544745 -129.196576
6.579905 13.048812 42.886834 8.161184 321.581205 74.054092 -107.716468
6.571009 12.940417 43.048212 14.229857 176.130364 58.639936 -92.529083
6.605447 13.223367 42.778621 13.775280 176.116113 43.801901 -85.479149
6.508692 13.029304 42.622987 12.134019 49.200141 89.694189 -166.177420
6.691104 13.320029 42.774199 10.292386 143.281151 49.670572 -54.011048
6.865808 13.486680 43.023555 10.920805 138.717357 45.771688 104.842728
6.869319 13.324716 42.837863 3.517404 150.320003 29.316613 57.991487
6.439558 13.025153 42.909789 7.721790 173.907166 44.256572 -98.114376
6.568875 13.084309 42.929148 6.276856 154.001680 53.340261 -78.241539
5.980180 13.085916 42.814329 10.374488 295.173903 20.010594 -130.900097
6.747526 12.948082 42.729074 9.616411 50.503020 63.401749 -160.463339
6.720821 13.124848 42.922002 12.843608 170.834433 46.484364 -112.804277
6.389371 12.821767 42.751576 8.704712 175.420539 54.892613 -127.496554
7.193797 12.999353 42.386245 6.429695 331.639527 36.550732 -127.484385
6.504587 13.209261 42.989664 11.587761 175.941124 37.368662 93.405391
6.580554 12.969390 43.032790 8.700786 294.964482 59.114048 -81.661356
6.607983 13.252626 42.987749 11.816984 141.897313 35.576065 49.350683
6.592874 13.001057 42.717842 14.418560 116.304201 58.318341 -86.642049
5.822884 13.048685 42.901638 9.296649 121.760136 54.853480 -70.961476
6.157137 13.306130 42.864711 7.169159 311.615375 54.649331 -87.609305
6.140940 12.912179 42.887540 2.614550 323.520668 29.869391 -99.563976
6.379834 13.139077 42.620736 12.909124 126.635643 56.635504 -128.575434
6.207844 13.107890 42.783938 8.023534 57.549547 53.809893 -65.815032
6.033839 13.117937 42.951092 17.944851 178.184153 47.096559 -124.222420
6.671457 12.995581 42.911304 10.576508 332.161121 11.393609 16.804902
6.414034 12.990097 42.741820 19.369638 138.851654 54.111038 -79.444919
6.269402 13.116976 43.048819 16.597304 60.293534 42.984406 -62.125082
6.660608 12.666080 42.779777 12.974996 355.741664 26.591606 -89.978545
6.361995 13.107632 42.774430 12.158445 287.456530 60.857415 -127.951602
6.102434 12.960505 42.763200 14.305919 106.198901 69.451678 -65.387646
6.410524 13.346129 42.551102 4.728093 212.016453 46.618990 -91.089354
6.569766 13.010179 42.993716 7.197797 164.867248 47.518500 -56.267163
6.799970 13.296933 42.685495 3.079564 168.251251 23.402713 57.079883
6.120440 13.199152 42.802646 11.236486 154.262013 36.875579 91.854843
6.764705 13.101508 42.748574 11.808241 322.194456 33.179672 -120.081617
6.723816 13.113890 42.835528 8.151199 174.405856 25.214200 47.182522
6.350039 13.052532 42.809882 14.421261 356.427597 74.334584 98.527699
6.576689 13.266131 42.806329 14.546682 121.360171 11.581671 64.494340
6.906370 13.207226 42.736203 7.808671 113.635899 84.799739 145.660546
6.672299 13.052716 42.511339 4.475926 11.495405 58.016760 -107.889649
6.429143 12.992349 42.613740 9.571384 355.881570 35.065315 -79.906451
6.608646 13.233792 42.779187 10.664960 236.346914 20.151817 -122.750989
6.442297 13.193518 42.848809 11.153221 83.646702 38.713212 59.552882
5.995085 13.186109 42.819784 13.613265 135.550512 37.185427 99.174923
6.661207 13.109740 42.898238 13.957357 155.489882 56.477922 -125.841946
6.607149 13.400757 42.889634 6.770124 155.184881 25.010222 113.706962
6.824986 13.031916 42.897329 11.074079 175.882436 56.092779 -119.960370
6.020455 13.009808 42.783457 17.763827 1.086758 85.743976 42.781178
6.094738 13.044616 42.903579 10.584606 60.273714 12.751104 114.181770
6.372570 13.081672 43.026677 9.950213 279.778726 69.567853 152.593058
6.413394 13.296571 43.019008 11.424763 307.581216 54.119618 -132.165461
6.984139 12.946385 42.447924 12.385343 170.585430 28.117751 -52.811663
6.469615 13.101098 42.943928 8.648974 160.888157 51.347781 -46.840029
6.462820 12.923567 42.704454 16.321095 318.368242 36.893842 -116.825159
6.558567 13.166205 42.846855 14.575507 167.933461 21.493048 89.824847
6.397582 13.134722 43.024976 6.196822 136.891740 22.163268 65.410004
6.395876 13.130451 42.888758 15.853597 142.734322 40.462607 -106.985268
6.457314 13.047408 42.835549 6.218842 295.853205 50.769770 -60.974754
6.479409 13.333020 42.724868 5.278745 159.753788 24.597689 114.790425
6.266851 13.152086 42.818469 15.447301 160.529285 37.666243 72.433080
6.859252 13.064559 43.185967 21.149260 151.100389 36.862400 54.161221
6.397291 13.272043 42.930738 15.080188 164.045269 39.632189 66.739184
6.330374 13.224955 42.826628 7.111801 353.115845 20.990638 -104.460225
6.692912 13.153310 42.783632 9.544015 173.605437 31.709100 55.693861
6.540238 12.910772 42.808338 3.683257 159.232842 49.666838 -85.488308
6.269006 12.970893 42.800183 8.917307 220.431349 25.155926 -92.365057
6.528041 12.915188 42.928055 8.467342 138.707684 35.217312 127.288748
6.667826 13.293727 42.733255 14.485829 243.750614 49.282113 126.263804
6.733906 13.456030 43.088276 15.819465 147.955605 56.942190 92.776353
6.246607 13.222250 42.815528 11.095379 155.682686 53.655520 -56.142614
6.470754 13.448841 42.814755 11.732817 318.380187 40.104121 -100.625889
6.323661 13.217284 42.882510 11.200226 161.323389 20.127162 51.518898
6.793493 13.455217 42.666789 24.851660 199.540463 79.335843 -139.583292
6.301575 12.913257 42.825900 6.464608 350.253205 27.099184 -86.899779
5.830977 13.054242 42.753428 12.446393 321.740587 22.302728 -108.536406
6.441718 13.140123 42.889911 7.783997 52.082467 66.422331 21.784746
6.643874 12.927480 42.652454 3.422801 342.228456 37.653574 -46.759978
6.586554 13.312776 42.907054 11.993590 2.199610 83.678449 2.856157
6.499820 13.133590 42.683700 16.931006 176.856800 33.164785 54.342766
6.383288 13.028692 42.905686 14.736119 287.182560 32.486357 -78.177888
6.193094 13.206644 42.772214 11.230290 142.109471 40.088910 -125.382419
6.322129 13.148166 42.839043 2.913158 152.121139 44.319496 -75.802038
6.512777 12.958360 42.666735 9.667311 56.399245 60.854432 -16.563141
6.745776 13.181829 42.718053 4.435783 170.808896 50.389933 -112.626826
6.249091 13.212141 42.931113 6.742028 163.760123 21.781918 118.707189
6.234402 13.224210 42.744887 7.411468 298.401251 53.196876 -56.651354
6.411249 13.106716 42.905460 8.502333 128.947440 51.313054 -45.765033
5.894140 13.105637 42.887097 10.246175 179.719840 57.289739 -63.010914
6.273255 13.286519 42.917847 8.400497 70.622999 46.450698 88.459747
6.616515 12.924506 42.840458 13.057151 178.121559 46.600256 -94.695804
6.933119 13.439288 42.648755 12.368535 165.893869 37.414640 119.170116
6.778513 12.946744 43.165781 15.150243 170.699031 36.045779 95.203396
6.004509 13.059034 42.762330 9.584668 150.059800 43.929628 -71.467611
6.614662 13.274440 42.823889 9.383787 169.366128 41.749436 -76.401935
6.261730 13.202323 42.859268 10.907729 136.074757 86.308539 -70.554864
6.145876 13.109159 42.834971 15.729822 140.463148 49.048597 -118.254180
6.520502 13.341962 42.700931 15.912296 151.145390 28.686510 48.866007
6.871278 12.744276 42.922869 14.836078 42.990694 83.518653 158.085962
6.684887 12.931078 42.619329 13.137296 336.910167 34.386937 -84.949352
6.713892 12.917788 42.765131 10.180496 32.535310 78.293969 -126.857031
6.025856 12.896941 42.824179 11.074881 325.553411 56.289103 -3.993598
6.731092 13.099924 42.828790 11.223571 141.015144 77.196144 -1.732292
6.487593 13.072118 42.879020 8.678971 147.500736 56.209966 -85.947168
6.203882 13.059795 42.787240 5.629411 171.931384 44.889631 -124.036584
6.425643 13.253296 42.910293 10.892935 114.676274 81.569719 163.605109
6.498074 13.164202 42.923968 11.193871 171.942463 37.351707 56.255252
6.199612 13.193115 42.761480 10.389789 317.610191 33.193974 -121.165369
7.026907 13.510516 43.007950 12.405612 159.103729 50.539677 88.117416
6.612637 13.226940 42.952586 2.396061 157.223191 21.400978 78.558080
6.904169 13.251869 42.744654 20.701170 166.791717 40.141289 -77.739079
6.148641 13.223579 42.786864 7.762489 357.786942 45.062018 127.138968
6.275750 13.069973 42.834367 8.524176 138.492833 68.349318 -18.147279
6.254253 13.043290 42.857387 3.028958 4.391873 53.242160 45.578760
6.284148 13.221949 42.958373 16.183763 161.495622 85.678619 145.094525
6.154309 13.127673 42.845170 12.535294 164.371717 37.094786 120.199991
6.143208 13.172907 42.965794 13.868683 165.336552 32.069416 -85.981447
6.221497 13.130409 42.807059 10.391926 154.717896 21.535330 57.154529
6.179257 12.812016 42.780670 13.583387 18.491841 88.487452 -26.548907
6.243103 13.040041 42.786963 7.219138 346.889463 26.159188 -120.133007
6.424550 13.191470 42.791873 3.390197 324.753615 50.875645 -55.539923
6.801282 13.369885 42.748342 17.320626 32.005109 89.840957 43.912080
6.107542 13.143498 42.795588 12.246954 41.834312 59.260786 -59.674566
6.555018 13.237899 42.902792 16.571407 153.183996 28.565350 63.759422
7.088903 13.150896 42.981798 23.109993 218.171672 70.111603 -147.819253
6.229617 13.060002 42.710535 9.925203 350.204802 35.445251 -97.875453
6.839030 13.391690 42.627881 16.648585 113.383120 71.669941 169.446761
6.096983 13.035078 42.895882 3.772366 286.012708 48.371418 -51.738612
6.829669 13.080298 42.634643 19.529402 177.938480 50.288455 56.533107
6.717606 12.863873 42.896928 26.496372 157.149404 57.844269 -58.747502
6.537392 13.264393 43.055992 19.521472 178.339889 29.371080 95.780104
6.746245 12.996330 42.915202 10.620319 155.677880 79.625898 -76.491707
6.605943 12.983774 42.648112 13.487699 359.641512 56.681557 -130.664192
6.181204 13.120338 42.993598 12.065366 44.011201 52.960893 103.437007
6.361605 13.381844 42.838970 14.349494 164.963392 39.284424 131.921280
7.247925 13.257670 42.958562 14.627618 176.697884 32.056619 62.464362
5.816725 13.165014 42.886768 9.901095 169.823823 47.556977 -120.308549
6.372582 13.337456 42.896406 12.556714 228.505367 22.856061 58.265899
6.324439 13.369116 42.784601 13.429446 143.306905 50.489849 -102.497428
6.511810 12.947986 42.864827 4.840507 316.520971 27.988490 -130.085405
6.638702 12.905229 42.942181 9.736504 20.219227 59.583364 1.807578
6.308379 13.206241 42.833330 9.052863 77.332350 81.329891 153.635424
6.671165 13.274572 42.945033 17.723070 129.716934 66.150832 -115.467401
6.783454 12.965850 42.751913 11.687770 105.013372 65.211870 -76.469546
6.396576 13.041427 42.626220 16.491615 318.223067 23.152454 -111.442562
6.421265 13.176261 42.805750 4.104854 146.275301 58.197848 -64.577895
6.191442 13.087032 42.843274 9.960941 151.032517 49.656732 -75.668060
6.260621 12.882460 42.930789 7.036893 173.585305 51.509576 -113.560726
6.459104 13.162927 42.675274 11.289363 163.643369 20.501609 53.544114
5.977766 13.151813 42.812132 10.517602 110.528093 76.602205 -161.554701
6.430862 12.986229 42.853366 13.089011 256.880782 35.695403 102.572881
5.790225 13.137233 42.780482 17.354310 329.484799 15.272687 112.586310
6.276877 13.063860 42.727286 9.269246 322.595236 32.925289 -47.593938
6.485117 12.893224 42.752970 5.758534 150.554623 46.248269 -80.384074
6.238064 13.233779 42.770879 13.406696 221.865445 47.647475 -91.587296
6.890313 12.698231 42.828863 16.614364 157.925870 41.465437 -103.781095
6.256228 13.097044 43.011877 11.125832 100.628762 65.705930 123.006403
6.332468 13.086182 42.841913 3.682135 347.734741 23.126820 -99.507790
6.023327 13.120322 42.765798 7.456123 137.871305 59.081881 -65.339241
6.999495 13.405214 43.103434 11.040216 165.088949 34.928827 -97.471494
6.534641 13.179776 42.855628 6.576764 12.887345 66.060433 -49.430189
6.022230 13.137067 42.867929 19.225798 115.919497 50.915582 -129.599144
6.673530 12.997367 42.861615 17.311197 300.050845 12.161478 -104.475942
6.065813 13.196607 42.864727 8.772907 81.055011 86.913814 -163.110133
6.253544 13.296775 42.864255 8.806026 150.889675 20.188127 80.626742
6.182484 12.963837 42.803881 10.874277 143.312858 48.873631 -87.837580
6.711251 13.197442 42.559463 13.789602 177.080787 43.924138 -82.819780
6.573675 13.009602 42.863662 8.246091 174.767521 44.997701 -60.020003
6.380363 13.162511 42.795962 11.524744 115.200421 57.222901 -91.106024
6.259894 13.191038 42.819434 10.121158 137.041412 23.154478 66.523787
6.719315 13.259853 43.122566 7.321134 153.732741 25.177407 94.403554
6.251439 13.254322 42.823609 6.825272 273.927259 47.213560 -97.394545
6.845494 13.233638 42.737320 5.752014 230.998009 69.900285 -33.545545
6.733707 13.275745 42.696419 8.530894 163.678651 37.744639 57.934453
6.767249 12.744009 42.819919 6.158388 107.021091 12.300489 -127.369721
5.574567 13.019070 42.771249 5.113395 160.350524 58.539151 -133.287685
6.274920 12.985209 42.781462 10.456539 175.713878 45.898232 -103.961699
6.558390 13.393006 42.752292 5.010083 138.746803 21.376949 79.567057
6.531072 13.301733 42.759796 4.454450 85.132174 79.544699 -110.530084
6.555204 13.179194 42.752770 15.795332 162.456890 21.254966 80.477153
6.294403 13.030740 42.941293 15.382777 168.499358 42.442723 -72.832007
6.265531 13.101405 43.061323 7.606844 187.672699 46.537031 128.843369
5.956667 13.230136 42.692370 12.340285 147.374148 31.013489 46.301917
6.463251 13.155861 43.002495 16.342055 249.078810 25.147671 96.957154
6.589766 12.748980 42.970536 4.973026 176.710016 50.040381 -79.380856
6.866599 13.258660 42.829960 6.044348 170.939412 39.134758 117.158696
6.349142 13.005232 42.812455 17.210806 4.302860 84.382575 156.812794
6.151282 13.253801 42.860616 10.703298 232.215437 47.290767 -79.307526
6.736621 13.407018 42.891853 15.245469 159.017732 37.024067 59.539513
6.297971 12.875845 42.812509 12.120585 346.238604 40.298295 -99.896011
6.667785 13.051680 42.876342 8.179512 179.879563 52.263907 -101.142308
6.352486 13.007034 42.698842 6.806233 143.946655 44.720811 -57.387199
6.480867 12.875439 43.049664 11.755960 139.787819 52.704716 -132.867140
6.016432 13.088938 42.797786 13.497202 321.769012 37.959383 -59.086409
6.186104 13.209810 42.928459 10.170203 318.092439 42.418008 -43.552732
6.754937 13.228263 42.917036 12.331661 156.104754 30.219051 120.252345
6.719276 12.932282 42.970184 10.049107 157.733423 43.107555 -100.810962
6.942426 13.411149 42.957090 10.533956 155.760343 31.265318 47.368995
6.288012 13.201621 42.832722 7.665919 191.175101 52.137523 -51.313203
6.282814 12.874112 42.762633 9.358093 109.186735 43.727240 98.427360
6.985051 12.970165 42.466523 13.973810 175.408699 42.975370 -119.242282
7.008968 13.366844 42.888511 16.212875 128.581040 57.582369 97.450705
6.015314 12.948519 42.800638 12.865055 338.629957 20.965425 -67.055325
6.421474 13.208487 42.765366 13.336761 25.142902 68.861692 -30.556064
6.101773 13.142508 42.902387 3.030632 155.518714 31.125352 53.577241
6.285797 13.111715 42.710801 7.221805 170.759431 33.337229 114.240610
6.605629 13.201464 42.916070 14.903538 337.315524 57.061318 3.742922
6.146984 13.120956 42.774483 6.824010 38.706760 29.944128 -115.536430
6.536169 13.108670 42.736887 11.412548 164.066343 38.453698 96.946683
6.678866 13.170395 42.603108 12.627250 164.856562 52.149703 -50.090983
6.417651 12.911583 42.713372 7.930661 337.474917 42.417366 -91.101620
6.220310 13.131279 42.822920 6.857321 141.286317 27.863736 63.389646
6.416213 13.029788 42.866707 10.419198 197.878184 62.038953 163.570256
6.801206 12.950054 42.713957 14.389553 342.923159 23.527672 -128.582626
6.163194 13.169839 42.827715 10.853183 158.217148 55.301009 -98.986810
6.630334 12.884602 42.676584 15.475624 265.156474 61.764870 -83.364959
6.439307 13.417731 42.778584 16.413535 174.065529 25.716978 120.744682
6.637813 12.975282 42.863366 6.836601 19.824120 83.026761 -145.928050
6.557940 13.033363 42.674960 5.173351 226.395059 63.922251 -119.988986
6.716882 13.114808 42.832382 13.172477 139.137270 43.085418 -54.059419
6.954614 12.959670 42.544912 13.397879 323.650868 39.272508 -84.437269
6.326984 13.178312 43.021821 18.907121 137.922826 31.611061 57.559764
5.933977 12.924743 42.993101 15.613917 20.413123 64.837207 41.455153
6.288893 13.060877 42.900819 4.967626 144.553270 25.988391 67.490583
6.489319 12.971158 42.639659 14.036846 129.492982 43.736696 -47.072586
6.501533 12.882809 42.785809 10.748079 46.178683 85.504272 -174.061466
6.745904 13.500513 43.099891 10.311964 162.320035 44.171065 51.374652
6.978564 13.039268 42.452872 15.349120 52.761612 58.094081 -92.568411
6.347306 13.053473 42.701612 12.682161 157.958871 45.898169 -104.924810
6.420131 13.221200 42.832911 14.993557 300.283105 47.458868 58.428322
6.626534 13.104977 43.096138 8.502523 176.028770 46.204934 -55.476102
6.189067 13.071827 42.847573 6.508781 4.855396 59.231872 49.328298
6.782993 13.219549 42.981058 4.808358 169.239121 28.288990 78.656187
6.165937 13.068416 42.846430 14.985887 272.764363 69.899389 -38.501223
6.624002 13.217941 42.875219 7.089732 160.428881 54.603039 -95.875607
6.546785 12.898325 42.748473 16.692741 171.015882 56.305931 -124.317467
6.674320 12.931979 42.852349 13.267949 129.607280 54.799368 88.228083
6.833607 13.138808 42.836119 4.045793 140.421559 37.221698 76.626466
7.166077 12.948603 43.141321 16.781537 5.454816 63.755373 -124.620678
6.467435 12.929523 42.893299 2.367556 158.099011 24.991284 101.169642
7.268014 13.565397 42.510715 12.291716 95.717319 68.883452 154.683169
6.223663 13.002822 42.742342 20.009220 159.345942 55.855694 -69.837843
6.310009 13.076439 42.875207 9.055150 359.080264 48.770220 -111.153147
6.424921 13.136224 42.862706 12.556448 114.348618 83.447408 171.422375
6.478739 13.073383 42.697605 6.220484 88.403170 11.672440 -89.360705
6.197284 13.103247 42.935979 5.709711 318.212101 59.315908 -69.046403
6.592707 12.813397 42.947208 5.009110 346.611993 31.290288 -70.346266
5.940899 13.073603 42.802840 5.193691 172.705283 41.165311 -20.357640
6.219699 13.185505 42.747419 6.977540 300.231519 37.461611 -80.111071
6.447787 13.300405 42.636298 11.379555 98.760261 41.605774 -90.563387
6.493586 13.137706 42.840885 6.386416 36.039636 86.733672 170.519365
6.571167 13.203717 42.955052 15.784239 143.981472 24.011955 77.436849
6.502496 13.119039 42.897112 12.269124 313.289030 61.780224 -44.992891
5.863056 13.019479 42.781353 13.644013 147.878698 31.870479 -57.931014
6.444240 13.309372 42.862692 17.682068 345.125019 43.399650 -122.731624
6.839227 13.077018 42.752761 12.017771 174.130275 46.245392 -51.839171
6.372934 13.092004 42.884656 12.471648 354.822258 49.742478 110.101767
7.004961 13.112973 42.844738 9.499930 146.237590 50.833393 -60.340159
5.971976 13.289406 42.830146 9.888568 163.697522 20.504567 53.521179
6.080731 13.126108 42.848693 3.119648 125.494527 72.701933 -97.980771
6.988632 12.618943 42.628301 6.075835 67.467673 59.377173 -49.765863
6.922522 13.166219 42.859279 16.761663 101.691454 40.841202 -126.138599
6.223415 13.130125 42.769676 11.403453 169.587189 33.595679 99.281304
6.403201 13.097061 42.856158 11.437999 255.867062 23.384414 152.593587
6.557222 13.060300 42.695502 7.916323 158.751633 50.515484 -46.905221
6.567939 13.225023 42.791190 9.267496 326.938442 49.428992 -102.870870
6.873661 12.820992 42.990949 21.428724 255.678892 34.177288 -38.671580
6.075908 13.302681 42.897710 4.328408 165.827197 28.049272 130.492964
6.958005 13.296775 42.813540 7.717598 262.251696 34.696020 92.742561
6.351696 12.923750 42.704043 10.175715 349.467786 34.781673 -95.306003
6.315301 13.301297 42.854182 9.159505 100.120913 41.143562 -105.202665
6.597813 13.028017 42.833067 19.258384 176.935205 40.997909 -67.812249
6.565610 13.170951 42.832014 6.124790 162.718866 31.827152 104.721194
6.507776 13.088566 42.905857 18.085533 328.083044 45.109917 -68.460688
6.460660 13.008760 42.844347 5.468187 344.187991 54.067240 -91.384807
6.035773 13.142603 42.762343 3.246290 350.051055 46.396217 -66.364893
6.399387 12.962332 42.853490 7.297193 223.806418 42.569073 -93.430936
6.637581 13.091665 42.900136 11.510163 318.325624 51.378148 -131.687927
6.208092 13.212155 42.684244 9.756726 175.375237 28.483594 77.510914
6.340736 12.967992 42.655954 9.670441 320.151860 37.393449 -113.990254
6.347598 13.122781 42.657508 8.192012 116.174012 13.796301 -99.994989
6.439072 13.114711 42.806343 14.338359 135.919234 41.882695 -83.028040
6.589411 13.248587 42.793953 10.148834 174.704272 33.469149 92.077354
6.669885 13.432333 42.891113 16.605043 334.438924 35.284354 -122.452811
6.000044 13.060714 42.792550 14.864417 40.418437 50.998873 -117.151364
6.952238 13.504713 42.756203 10.756553 177.001390 37.738642 115.233525
6.684531 12.809897 42.808754 14.590398 158.316032 48.938125 -90.978313
6.792040 13.254564 42.864873 18.986678 333.933766 55.298329 -80.062934
6.561985 13.044471 42.725929 4.188596 164.073271 50.715626 -48.411971
6.979894 13.435099 42.622716 15.923956 97.026669 71.178820 -176.525346
6.443817 13.330592 42.891483 8.503086 155.062369 47.206636 -8.193967
6.570881 13.507368 42.724879 9.475968 141.481101 34.491795 62.714545
6.955248 13.264225 42.789819 15.379334 176.842115 43.123892 -78.805190
6.401093 12.991100 43.056714 18.395462 78.698706 85.978302 -0.908816
6.149800 13.019548 42.881728 4.053288 70.356653 45.559346 -49.442791
5.870031 13.037386 42.848948 11.117534 245.658914 59.868519 -147.783315
7.012977 12.481036 42.613334 9.180921 341.870379 43.990996 113.005083
6.331408 13.202016 42.763846 11.061833 174.070989 34.948733 53.290875
6.769669 13.204975 42.854363 12.452668 139.906367 31.766016 65.333676
6.586367 12.862774 42.813993 7.550933 169.489628 26.588881 -94.305622
6.403015 13.320349 42.855675 4.859543 94.887835 36.228329 102.194326
6.585789 12.914746 42.677771 6.152741 131.091246 27.550200 45.388610
6.261063 13.096037 42.915966 8.048415 138.839312 41.167716 -81.916799
6.777575 12.768444 42.981792 11.015401 359.336619 31.401898 -118.797614
6.297764 13.009519 42.744893 6.149965 154.219432 50.506939 -101.939529
6.369419 13.083020 42.840222 9.939719 165.726589 87.207261 -158.856187
6.453672 13.167462 42.962876 3.634004 305.125078 48.892682 -62.250622
6.697921 13.274060 42.927591 12.252415 135.995774 29.276728 79.838880
6.957742 13.651999 42.723758 14.366068 140.625031 37.331772 86.842081
6.336230 13.167462 42.909876 2.364044 138.090161 29.347712 83.236942
7.029896 13.372789 43.020466 5.034559 8.752593 12.117983 85.008004
6.806345 13.067549 42.641694 24.919601 293.031698 61.721771 -66.017478
6.407275 13.117203 42.769125 13.329065 176.611855 22.118481 93.587977
6.739723 13.115442 42.771664 7.151105 351.272738 56.423053 -83.759554
6.126916 13.133043 42.874583 19.509726 37.401470 51.917541 127.742895
6.444866 13.020768 43.015190 7.554905 176.594487 48.405669 -107.345848
6.777409 13.278252 43.011400 6.298746 113.314576 49.981373 -104.674780
6.945575 13.314137 42.697155 13.470935 177.394948 46.533981 -55.792838
6.344731 13.190457 42.837779 14.204971 98.782128 51.620034 -86.403775
6.571290 13.038569 42.732583 16.494275 142.554417 48.829583 -131.849669
6.727077 13.281792 42.851178 4.561572 171.094966 33.263762 57.525553
6.168383 13.085721 42.737819 16.060525 170.408871 59.464920 -60.598334
6.435070 12.943396 43.027906 15.693573 150.891198 29.231019 87.963023
7.484034 12.851549 42.996895 11.436083 165.020517 74.612021 -98.727602
6.685381 12.904787 42.885614 7.194723 101.195046 47.392563 -51.404595
6.508643 12.967807 42.873403 7.912309 339.006382 31.107051 -129.413856
6.512394 13.049997 42.815537 17.451308 329.432586 35.376748 -106.347111
6.177602 13.152441 42.572161 7.084232 122.156218 50.604229 -100.633970
6.152701 13.017607 42.840286 5.564712 136.919115 58.889409 -53.214791
6.550040 13.079071 42.720503 12.958775 167.470666 41.952240 -106.695447
6.386748 13.210072 42.917074 12.981760 174.702477 21.946445 128.560390
6.148761 13.167439 42.707453 2.672294 112.634221 43.465046 -46.143602
6.542255 12.836974 42.859504 5.711392 343.783384 26.515929 -101.763932
6.797009 12.997318 42.810842 16.648968 158.052862 23.136355 -82.976708
5.689863 13.059445 42.830405 9.894764 185.121466 52.248775 -81.952333
6.479589 13.023442 42.827494 12.345900 339.955940 57.547496 -107.088125
6.424547 13.175742 42.749852 4.159163 165.867818 61.880398 -78.360568
6.325558 13.088920 42.966551 9.733956 139.792525 29.894988 77.517561
6.399747 12.990467 42.654808 10.550700 359.831565 30.101834 -91.683277
6.137849 13.259036 42.714016 10.073965 133.831443 43.292475 -64.962631
6.257704 13.112626 42.871994 10.173450 161.253045 26.778848 99.577308
6.931158 13.087259 42.802144 11.549484 178.142064 57.719372 -50.187889
6.582492 13.111388 42.831620 17.908784 251.898107 19.232898 -143.467132
6.807697 12.501397 43.107554 12.750748 317.317796 33.434353 -95.002965
6.431350 12.962841 42.687506 10.484763 300.889347 74.555019 -15.441146
6.659160 13.281716 42.753006 16.098460 170.744636 47.131556 -115.494021
6.220082 13.260329 42.725172 9.275161 145.311516 88.320181 61.909050
6.434293 13.126089 42.770876 4.073976 169.381708 31.517301 88.060348
6.483211 12.838915 43.056130 16.818834 162.379179 55.477541 -46.068598
6.177402 12.877757 42.878487 6.816338 157.275583 52.024475 -55.122128
6.338386 12.931115 42.857968 11.392743 285.137208 58.729471 54.285729
6.547765 13.293514 42.962505 11.362037 156.830387 26.658570 99.595809
6.898588 13.069498 43.104551 12.970822 289.886502 44.517452 -175.676807
6.669649 13.275044 42.880768 13.640884 156.280659 55.547891 -100.472289
6.401243 13.034111 42.774209 12.057505 181.739378 75.604475 -52.266519
6.628128 12.918171 42.694253 10.889255 112.883663 46.038085 159.164697
6.678116 13.061925 42.916460 5.282640 111.679701 35.730410 111.949687
6.795985 13.463839 42.739265 18.254098 155.848653 27.072341 52.669424
7.110391 13.757401 42.641118 9.995933 307.333959 44.189990 61.448085
6.167681 13.072932 42.843445 7.396896 348.709154 36.158923 -71.260660
6.336258 13.152721 42.959190 5.115339 103.708153 87.020450 -158.326214
6.808784 13.271621 43.051816 19.712937 137.671189 28.082670 90.316263
6.428795 13.358704 42.861974 9.353322 164.317252 34.030421 103.586896
5.923049 13.227816 42.816688 10.233423 238.290147 23.107513 171.970296
6.584801 13.138133 42.988902 5.548810 343.121626 58.723497 -113.482197
6.198129 13.080655 42.831616 15.867485 112.733783 66.025114 -98.380948
6.638603 13.147958 42.863915 12.599277 283.253599 58.645801 -64.828386
6.511240 13.222419 42.830537 11.945488 139.356862 30.724865 91.872606
6.671967 12.804842 42.736804 4.971847 136.833467 75.833818 -124.534813
6.521954 13.214615 42.959568 5.860651 162.576152 38.445195 53.525528
6.621081 13.438109 42.771541 5.506132 184.801559 67.850685 44.337749
7.103426 12.751854 43.340847 8.518244 131.474408 45.637489 46.025626
6.670963 13.047184 42.919218 11.214907 176.494256 24.375741 80.871396
6.838515 13.407579 43.071586 4.840916 34.909960 49.718835 -17.231862
6.289041 13.054703 42.801400 13.512454 353.604387 41.352525 -146.168325
6.650388 13.327847 42.897177 3.536103 159.737417 39.395931 80.713105
6.817492 12.983653 42.461156 10.106152 336.423692 22.480451 -52.413324
6.063088 13.137541 42.714013 3.009250 128.040933 12.119119 107.432251
7.108351 12.245761 42.892485 6.818253 272.180464 42.223438 45.125778
6.492266 13.007669 42.913056 6.503685 145.095928 48.157575 -104.132244
6.102382 13.108731 42.735267 7.541772 165.434990 28.643872 71.411820
5.970218 13.094855 42.827912 6.661450 329.972286 53.886154 93.408360
6.639864 13.166506 42.696084 9.305704 338.238024 56.882932 -114.381087
6.505061 13.201015 42.878879 26.885552 166.554728 18.161893 -100.091362
6.504753 13.120949 43.124512 13.340396 165.586062 21.653040 52.935189
6.584827 13.274771 42.778113 19.254522 328.395226 59.355209 62.392486
6.453207 13.209774 42.982059 4.088506 310.036927 75.905024 128.279999
7.043508 13.104553 43.004792 9.970923 138.570944 51.576967 -119.376366
6.645368 13.414801 42.496120 3.232971 88.114110 11.822652 -124.882776
6.438344 13.180112 42.923331 16.163614 117.858454 62.223162 -50.426148
6.852288 13.326989 42.629517 6.458385 156.181290 47.801413 -99.077054
6.383555 13.115399 42.813877 19.580320 56.008307 84.062248 -150.546323
6.346289 13.339561 42.908687 20.566803 174.660013 27.128764 75.647821
6.921597 13.133399 42.712883 7.596389 178.391613 29.157666 109.698198
7.181480 12.740659 42.545446 11.570941 91.037100 80.110079 -10.165723
6.741585 13.536141 42.799189 5.890426 163.897729 31.923514 76.079652
6.147411 13.146836 42.836339 13.529000 355.800940 37.441403 -108.279764
6.432836 12.863667 42.890165 19.011522 123.074458 49.860528 -93.797053
6.408646 13.029679 42.835255 16.432369 332.221922 53.118116 -8.544532
6.923114 13.106584 43.015854 7.433983 53.151385 72.064194 -158.498366
6.694147 13.350199 42.858563 15.399162 349.581818 40.231329 -50.052238
7.223448 13.601207 43.042361 8.764715 27.267196 83.251380 7.723609
6.720067 13.459997 42.934853 5.846251 150.813695 56.180026 103.882743
6.400837 13.145476 42.559765 9.403717 146.727167 54.964405 -98.305638
6.614404 12.882166 42.764282 12.609322 112.494074 71.185146 -68.765714
6.775417 13.525795 42.730920 11.522774 349.763449 21.068061 149.573591
6.718738 13.219588 42.752299 7.397606 136.025038 28.940125 115.248962
6.569684 13.007990 42.913525 3.857625 2.789570 51.699387 -85.608557
6.303533 13.120828 42.914714 8.112954 354.383004 52.064969 -106.162703
6.263937 13.082429 42.852508 9.427664 329.184346 51.749088 -117.311029
6.834277 13.084306 43.225287 7.813237 158.082938 26.939894 112.460061
6.886345 12.969494 42.379781 14.499023 169.410826 85.854292 -10.364703
6.700395 12.952837 42.639917 6.630847 358.995064 38.742107 -77.371197
6.223439 13.082821 42.802752 9.079375 160.639264 60.879981 -85.546331
5.785526 13.144342 42.787026 10.490359 156.222868 36.632316 19.823716
6.636530 13.110831 42.938953 6.526898 294.569297 30.784903 74.598294
6.551469 13.124385 42.960520 9.623225 174.011984 54.744524 -58.445388
6.038280 13.108202 42.875280 11.787214 87.277212 65.511712 106.447840
6.679643 12.791471 42.691532 12.441637 287.792464 36.778391 -72.359968
6.299099 13.048573 42.816538 10.109921 334.886591 50.586346 -13.167736
6.162700 13.052136 42.781098 10.827221 106.324292 87.746695 -103.900009
6.319573 13.108087 42.768583 12.735969 171.277889 33.107451 84.181438
6.433540 13.126930 42.922441 13.027779 163.423795 20.793669 114.444621
6.373812 13.305774 42.777803 13.386885 203.635172 51.977668 0.865893
6.492683 13.108234 42.711001 15.356104 158.570004 28.093504 126.391200
6.774791 12.949707 42.635052 7.460498 342.163599 21.433992 -62.557448
6.619591 13.057854 42.832881 4.875685 4.540088 83.422794 -14.226679
6.280566 13.142684 42.799952 8.592320 153.391843 33.673937 92.255339
6.533349 13.021883 42.777626 10.616156 144.504228 61.306451 -133.242496
6.091795 13.296790 42.864740 10.138817 141.814147 32.798412 61.361835
5.959779 13.329101 42.851797 13.457507 261.582036 30.385422 -58.026710
6.488237 13.381027 42.860519 9.688613 248.725519 36.536959 17.781476
6.877985 13.072823 42.665848 19.557816 329.019573 38.668978 -115.674984
6.536987 13.073002 42.877922 13.738122 146.079267 44.594811 -98.299908
6.159711 13.298441 42.877713 11.956306 321.530523 57.639049 -110.408084
6.587588 13.574189 42.665854 22.346747 298.177473 64.609162 -29.023122
6.511573 13.105822 43.084169 11.377913 158.206755 49.207410 -128.737452
6.732659 13.387524 42.708088 2.470519 266.270628 19.557323 84.847674
6.553682 13.279259 42.603932 6.860885 343.404245 52.099933 -133.176090
7.327415 12.660774 43.476193 11.028361 154.372080 58.073339 52.055190
6.263135 13.350560 42.705440 18.515652 149.625931 27.502978 93.437100
6.316420 13.418949 42.728786 12.581826 323.369138 21.482653 -91.071049
6.429401 13.075190 42.911202 13.881522 326.991838 45.022637 -97.060965
5.950502 13.201569 42.851443 10.357820 166.280764 35.790900 51.236747
6.661049 12.915542 42.906329 8.844403 358.391163 39.586157 -124.275852
6.317853 13.295524 42.839646 7.047164 122.611192 43.371924 -77.576289
6.365423 13.104871 42.916929 7.743423 182.073198 45.591951 11.669511
6.055876 13.056373 42.809502 15.179503 339.397111 31.952826 -58.314343
6.700530 13.267146 42.642161 16.352517 191.806454 51.396299 72.241157
6.818680 13.027822 42.714551 7.615232 351.608619 20.464080 -68.541629
6.192075 13.047880 42.765467 2.662269 356.045239 44.836603 -132.502523
6.477785 13.179755 42.812830 8.671635 151.720234 37.837886 117.608035
6.170057 13.120892 42.722906 7.678139 174.715606 81.359341 19.178106
6.286798 12.986091 42.812395 8.143254 326.918031 51.505096 -128.403048
6.513103 13.140910 42.951614 7.710735 176.458270 53.404609 -92.706667
6.704986 12.972179 42.628780 5.484444 97.347168 44.694698 -111.216023
6.797708 13.047366 43.118289 13.416595 162.271694 29.152470 59.616661
6.024779 13.024974 42.842084 5.423177 147.025977 55.471130 -115.820806
6.380468 13.256859 42.835339 10.794196 178.976411 21.062847 83.164969
6.404592 13.344186 42.884691 10.094438 148.011105 26.331294 105.828718
6.367092 13.002426 42.805469 12.243116 240.466397 75.681410 -50.600445
6.908192 12.899187 43.165593 12.073163 131.306756 20.795343 -79.540380
5.982711 13.088883 42.839216 8.787764 359.447951 42.919391 -103.032320
6.187811 13.018333 42.901234 12.801792 136.846616 47.730779 -62.974367
6.365458 13.140933 42.816557 10.080969 26.177826 68.468523 29.268484
7.107693 12.791823 42.453673 10.319333 91.112722 55.363989 -152.750437
6.511745 13.350914 42.699165 15.342141 333.656598 30.974004 -94.901340
6.668234 13.431401 42.933361 10.615127 142.255590 11.129261 -19.644634
6.307332 12.908217 42.828221 3.900712 123.292521 77.826365 -47.112830
6.018389 13.220883 42.894990 12.278822 308.777690 54.022131 53.199485
6.280229 13.161012 42.876213 12.782719 132.426083 74.248843 -106.338674
6.420661 12.963479 42.865476 13.136763 173.735865 45.551559 -45.880788
6.619762 13.193154 42.891015 3.522782 33.725480 40.279242 18.248497
6.507580 13.109235 42.876602 5.459087 276.699841 49.616578 -48.262821
6.688780 13.256915 42.709248 18.199159 162.859835 27.964708 112.535580
6.721033 13.040960 43.190993 6.588682 301.597072 72.527125 100.557850
6.371950 13.021466 42.700515 11.913477 122.488551 65.360046 -92.836403
6.329718 13.170792 42.790449 10.046204 343.930326 41.123755 -75.421994
6.430473 13.053716 42.818627 5.589981 335.175759 38.018047 -125.592050
6.427692 12.996372 42.845124 12.433889 168.630042 59.706076 -90.911292
6.352902 13.405964 42.767458 14.622044 146.365856 37.271047 -56.064506
6.564949 13.149741 42.865396 14.773013 76.273087 81.038489 -177.381404
6.404553 13.369124 42.899791 2.657508 24.473311 10.753900 -104.057269
6.302750 13.101399 42.771028 7.061714 10.839830 34.511695 -116.910002
6.346874 13.116623 42.947912 5.069808 355.759215 54.074350 -61.811786
6.136039 13.361099 42.781872 14.965063 149.763932 54.731725 -97.512270
6.040326 12.948490 42.789540 10.112434 143.738267 57.573950 -100.712878
6.448831 13.330930 42.826208 13.705023 322.307596 58.026037 104.267601
6.644874 13.151571 42.568335 10.555879 62.344535 84.819967 -173.366873
6.027173 13.121873 42.800529 8.673532 70.652054 16.438544 78.451695
6.334470 13.119043 42.706890 15.681199 173.784930 36.713078 -171.932794
6.798466 13.313617 42.877346 15.534694 128.412395 62.604135 167.009752
6.684811 13.050708 43.155270 8.719727 141.729403 32.213544 82.666579
6.405468 13.266938 42.906313 8.855123 161.941541 39.839868 105.003134
6.743729 13.012228 42.865151 17.642031 163.802060 53.259535 -76.954155
5.994506 12.889447 42.891839 4.970557 103.672221 35.514960 -111.377524
7.060837 13.345696 43.023395 9.958971 216.650734 55.468741 -68.763588
6.180811 13.208996 42.819695 3.625274 66.422173 56.313583 86.238235
6.573643 13.060400 42.995747 21.461879 244.495195 77.948496 -165.369911
6.400731 13.240263 42.676765 2.946855 160.695936 21.542354 117.094233
5.905929 13.179208 42.867713 8.425116 163.454519 30.229838 95.786748
6.631098 13.027881 42.779687 18.538086 327.034104 57.850268 -159.815706
6.651378 13.282409 42.638054 11.212697 127.499908 49.599135 -67.854305
6.488595 12.891750 43.168447 6.609892 91.328880 11.576761 74.151296
6.208177 12.989383 42.850959 3.409837 157.479337 50.322834 -120.606556
6.678519 13.131435 42.706774 16.242736 167.063411 35.425417 108.893488
6.452202 13.163811 42.793933 5.559198 143.548653 37.520235 133.971801
6.633338 13.083690 42.785176 6.831751 337.276517 23.546503 -130.325979
6.606722 13.430687 42.886199 11.521239 176.129465 29.696139 49.719121
6.277205 13.187423 42.945514 15.157866 154.373968 20.919306 117.253861
6.191357 12.955512 42.896305 10.983597 143.699575 31.099254 110.695672
6.528476 13.058745 43.032450 5.660701 316.398552 61.215930 175.079640
6.002898 13.155400 42.823905 10.541120 33.412591 67.374558 130.086384
6.867093 12.916884 42.958841 15.731385 148.825679 37.706765 50.081663
6.884965 13.128247 42.878290 10.744258 330.132549 30.478650 -100.407545
6.537711 13.057529 42.756469 15.654558 88.223228 86.581873 -153.305679
6.716961 13.127718 42.824265 21.598927 147.314543 32.916900 118.150442
6.901916 13.005835 42.738541 12.638473 356.731958 32.978666 -117.741906
6.340802 13.162967 42.848364 6.535501 247.375588 44.092270 -106.385837
6.414519 13.324146 42.911554 10.332499 177.261460 44.169795 -67.732799
5.927251 13.129235 42.836153 13.454457 169.856589 55.095604 -70.083978
6.869253 12.887145 42.754967 35.263310 76.870538 74.224407 -7.816185
6.130320 13.141010 42.795127 16.440234 179.178520 42.403049 -66.668999
6.895388 13.004229 42.541276 14.092851 353.883507 50.956185 -127.558634
6.434798 13.328270 42.786090 11.158997 149.505096 52.217787 -89.711346
6.433854 13.345287 43.009833 8.204435 187.731156 43.402364 -134.452020
6.048763 13.261259 42.828004 14.854206 178.246186 28.134070 117.994289
5.998271 13.057842 42.789591 12.039416 355.225512 40.373083 -45.741788
6.215024 13.190340 42.753508 5.652401 137.211217 21.099784 66.353220
7.045488 13.467111 42.694766 13.084157 169.330224 38.085621 48.371384
6.347123 13.298325 42.835305 6.079892 223.449747 50.026081 -58.438101
6.495985 12.795958 42.702975 10.957875 265.858028 55.073214 120.156334
6.547889 12.942456 42.858235 9.694169 332.706443 61.299962 -28.592664
6.261306 13.063424 42.904239 22.550472 285.735795 46.462891 -55.002693
6.320569 13.307534 42.741812 3.694136 46.248521 64.931723 142.366588
6.044424 13.100170 42.841565 7.680614 14.460953 80.659996 -10.570714
6.586018 13.198015 43.004539 6.321075 143.692610 26.106866 106.123136
6.277816 13.140795 42.769164 7.908442 280.357107 68.853560 -67.820911
7.506259 12.731809 42.414228 16.750295 90.978517 52.343861 -116.133378
6.524492 13.276182 43.040524 7.543040 312.606831 66.734277 -89.725518
6.342724 13.089004 42.835004 8.936415 175.178548 55.230505 -81.648039
7.132177 13.067620 43.403369 9.675026 171.008451 25.567481 95.953151
6.721763 13.199244 42.812581 16.001082 287.346129 52.777399 -93.352148
6.000111 13.129539 42.786520 4.940605 169.270131 39.327386 131.078318
6.266774 13.047181 42.744728 4.415799 328.024433 36.925625 -78.776172
6.692634 13.012079 42.836472 19.575416 354.341674 58.898478 -47.799445
6.519502 13.263183 42.826881 11.564240 148.860246 58.371577 -110.781787
6.901404 13.006805 43.068245 7.625909 109.074411 80.726780 -1.404617
6.742746 13.126984 42.953844 12.074096 308.856383 55.082077 -60.868132
7.010883 12.949837 42.663139 17.657788 247.433303 25.723892 145.643558
6.207562 13.088834 42.794436 12.573130 145.387174 59.414108 -130.697795
6.517808 13.319643 42.890771 10.972271 154.898498 21.320671 125.546663
6.328710 12.819317 42.873706 2.298666 354.866204 25.659203 -65.521716
6.134384 13.203736 42.910168 3.114452 253.022007 39.365551 84.689305
6.726664 13.068632 42.680492 9.147404 303.933769 35.894561 -59.724236
6.186894 13.092197 42.748626 14.676980 145.775260 59.310839 -90.619044
6.398374 13.076049 42.809393 9.328114 128.361949 49.509805 -88.611688
5.852053 13.061034 42.799784 9.471611 335.984331 36.523643 -103.615905
6.167249 13.089910 42.716929 8.720517 170.686358 50.075495 -81.508671
6.963264 13.030336 42.484173 15.237810 325.927271 29.173930 -68.106802
6.464751 13.075587 42.827315 15.392923 42.297304 83.328866 29.639902
6.386256 12.884419 42.652227 21.834481 336.795238 27.599671 -114.356875
6.301962 13.086013 42.838755 11.263078 358.715080 22.246408 -79.722782
6.066652 13.048634 42.816431 15.830125 145.204690 44.075512 -74.559419
6.624889 13.351516 42.808797 5.558304 91.483598 62.278434 46.729634
6.238944 13.016332 42.880164 13.371267 114.949425 44.265630 -80.191634
6.637622 13.045394 43.173735 11.172437 170.803158 23.940809 73.689969
6.416758 12.998599 42.832416 11.360691 152.881537 57.661177 -130.116870
6.546520 13.005029 42.849987 11.671775 51.008057 80.146918 5.451323
6.212182 13.191417 42.888574 10.275412 199.404740 49.444934 -134.464216
6.010435 13.130740 42.808029 16.673887 137.932208 35.904032 70.676364
7.002727 13.557227 42.741243 8.946758 137.181537 39.625294 66.517664
6.400742 12.963247 42.704088 18.363115 330.478005 22.742993 -105.365740
6.867566 12.834472 43.223676 26.054134 113.995805 19.240751 -106.830139
6.916002 12.821184 42.722817 13.548538 60.526500 86.099909 -147.243351
6.338953 13.230411 42.890198 8.620128 166.045851 29.770696 104.835664
6.324535 12.906214 42.826371 11.958113 347.807187 31.333952 -96.051171
6.194002 13.138904 42.903444 14.170455 132.625791 29.514458 -143.580212
6.617508 12.899697 42.846367 11.953744 184.947972 24.709520 -54.513983
6.518332 13.092201 43.045641 11.824245 81.919572 76.352993 -167.589968
6.473133 13.030024 42.827324 4.083614 325.714227 71.154861 -63.835138
6.443879 12.811495 42.758261 8.313049 115.006504 52.408397 -127.060447
6.520015 13.167798 42.787815 5.564304 309.434235 34.903686 71.017178
6.914554 13.016502 42.785358 15.660152 228.340911 40.893089 -16.326652
6.434866 12.913803 43.004792 9.617631 218.392917 73.129441 141.268411
7.187796 12.976244 42.851747 17.118206 95.039174 24.319205 -60.322509
6.151611 13.056168 42.820059 9.057835 317.442149 28.482855 -92.990397
7.041571 13.306480 42.621057 8.941346 125.375637 47.673329 -64.976702
6.255744 13.149398 42.715210 14.859347 141.677070 56.315667 -128.045242
5.997722 13.108087 42.929906 6.798313 175.437062 42.925450 -117.856839
6.113846 13.203038 42.863056 3.506044 170.528270 44.571584 -52.214141
5.893540 13.200254 42.847245 7.617403 296.886670 72.866234 -161.393475
6.953777 13.338601 42.899115 13.065878 148.830535 32.491084 79.256037
6.411724 13.076166 42.840317 5.931202 318.004245 36.909069 -51.711369
6.759367 13.205530 42.793978 21.637649 164.236473 23.730135 53.063961
6.475592 13.277398 42.768903 4.743130 163.045429 38.211046 97.943334
6.508189 13.270720 42.668455 9.464267 128.523999 25.936351 -78.066375
7.103864 13.235498 43.526523 15.838802 292.521243 42.914781 -111.577325
6.919044 13.415766 43.034444 16.698376 172.992955 75.919655 -91.247732
6.750439 13.115853 42.722767 8.470986 165.420862 43.049958 -54.205741
6.385643 13.147035 43.040132 10.542436 163.656030 20.108486 74.958970
6.568551 13.249732 42.765256 12.800117 136.132431 37.481967 57.395089
6.392770 12.958922 42.841748 13.888689 70.780067 87.308500 -173.119412
6.692304 12.954410 42.973964 13.551444 138.884086 55.863420 -75.860521
6.752884 13.049385 43.041224 24.564911 25.119165 50.705953 7.858648
6.706749 13.179523 42.772769 15.820648 355.334164 54.069321 -131.611348
6.224815 13.227109 42.875821 10.763776 172.108263 25.251803 45.823920
6.520140 13.108051 42.623768 3.968495 153.275567 59.662908 -65.200127
6.702872 12.675534 42.965616 9.970194 171.256668 87.698994 -37.114512
6.467668 13.400917 42.747715 9.762441 162.454446 50.641710 -119.485302
6.342511 13.030607 42.827156 12.483901 163.651108 52.878126 -134.992465
6.951118 13.673785 42.307421 9.159355 139.550637 57.449802 49.828994
6.755338 13.254600 42.639873 19.004437 43.411302 20.581407 -86.963240
6.958210 13.196643 42.684457 8.151292 153.804331 25.376218 127.859725
5.926989 13.128014 42.893661 9.643347 156.819287 41.297979 -80.070862
6.425970 12.947513 42.786050 9.989846 222.835776 72.987888 88.914063
6.565273 13.061883 42.850860 7.503607 325.650356 27.718956 -127.121373
6.531819 12.914598 42.912274 16.882220 174.672218 48.442056 -59.140686
6.338354 13.336202 42.707412 14.911827 168.428280 26.425624 88.261394
6.607431 13.189686 42.871056 3.254243 142.316064 28.495828 130.266420
6.655810 13.252617 43.076555 7.144498 224.760461 19.333824 152.814659
6.606177 13.246838 43.061832 6.187858 153.733772 31.075950 64.540902
6.333493 12.744931 42.766406 12.424550 158.432914 24.096831 -100.205773
6.705849 13.176099 42.933646 19.458343 324.817645 40.475739 -163.013639
6.532243 13.288725 42.935462 19.294150 141.101985 31.341460 82.657728
6.278952 13.189721 42.987356 7.219248 137.702173 20.298018 125.505822
6.646876 13.086863 42.861421 5.280818 348.067065 26.220351 -105.715322
6.287468 12.967688 42.998752 2.932452 347.420226 46.554510 19.513172
6.147181 13.084276 42.829167 9.715404 154.940237 55.683806 -105.192895
6.465176 13.203451 42.720375 9.700066 179.560605 49.790865 -143.915403
5.993937 13.039251 42.830876 3.693803 169.155574 58.485360 -108.902789
6.630892 12.952249 42.875729 10.355747 140.619167 49.735524 -92.128561
6.172139 13.026055 42.877690 6.460465 104.141066 34.174956 -133.197218
6.259441 13.191336 42.895089 8.180926 147.237214 26.785853 87.803140
6.568660 13.225215 42.907869 9.383114 82.762276 48.851681 119.836714
6.162210 13.007975 42.806982 10.714888 326.899496 37.953030 -20.760835
6.294137 13.181160 42.883559 8.775198 244.309342 69.272322 31.127347
6.323713 13.154823 42.832959 8.730900 304.212113 71.726351 -54.829088
6.072994 13.013539 42.770918 3.609930 315.788044 35.010267 -47.283803
6.679259 13.280130 42.984800 7.558025 331.520986 35.140278 27.382551
6.375187 13.196164 42.916897 16.614040 130.207875 42.411363 91.515244
6.284844 13.062702 42.767388 12.421674 325.089027 27.873617 -85.915187
6.917397 13.452605 42.729498 6.297656 159.349419 61.890506 -37.019661
6.541370 12.959356 42.756004 13.294532 331.359514 35.223507 -81.071346
6.294607 13.009880 42.932640 12.812787 294.324610 34.195481 -114.598821
7.147980 13.366802 42.585559 16.173217 247.847985 51.822951 99.253289
6.770145 13.310026 42.848344 2.842461 174.568342 23.684680 134.484893
6.388417 12.937144 42.887714 8.569229 336.911334 79.999003 -126.667389
6.822155 13.248675 42.721678 14.666616 139.686909 26.516529 87.873530
6.572347 13.038541 42.839009 16.377918 157.871098 46.744665 -76.005867
6.258407 13.167196 42.843492 12.738743 95.668261 85.765504 6.294529
7.067598 13.146096 43.397622 28.210951 356.209629 64.168063 157.079530
7.093385 12.858293 42.135938 21.580727 313.231709 50.840072 -60.682374
6.684924 13.130406 42.725307 13.206798 138.180400 43.791849 -89.637152
5.986012 13.063851 42.920299 8.591621 14.978560 38.524721 -111.841769
6.567501 12.987539 42.682096 4.325845 298.722932 29.348254 94.510845
6.680451 12.989027 42.650377 13.356710 116.394152 29.231365 -96.680997
6.945838 12.955992 42.800972 3.492167 352.142388 26.349842 -55.252859
6.371519 12.826337 42.871233 19.296126 54.274189 51.937129 -96.911944
6.407357 12.966509 42.719829 3.342645 144.047254 50.854442 -73.566912
5.923313 13.060500 42.774226 13.629667 176.466144 53.480909 -91.250377
6.767170 12.918700 42.702171 9.935962 353.331380 48.810607 -77.048850
6.577032 12.884988 42.866757 9.667202 292.593596 20.230129 -59.887963
7.249576 12.779627 43.187684 20.951695 162.406479 43.753551 -98.141743
6.292832 13.042443 42.872960 7.722383 142.764963 84.569250 -157.500402
6.642128 12.921208 42.633745 14.226290 238.457907 19.873877 84.833550
6.802205 13.086369 42.716801 8.252321 176.586186 46.250617 -125.497204
6.504203 13.088843 42.809064 10.085401 120.446873 59.379502 72.705360
6.647141 12.924507 42.652423 7.386465 316.597903 49.646948 -114.634830
6.505810 13.130209 42.630467 9.150507 177.597867 40.522433 -84.163999
6.846577 13.136890 42.697253 5.210600 152.573548 57.212719 -111.696403
5.758308 13.131168 42.895763 4.569042 104.686353 21.478570 -157.349162
6.669590 12.908192 42.869693 7.249364 266.614115 71.897515 -155.455884
6.467229 12.945541 42.892196 5.040338 156.446469 66.875568 -28.753470
6.795862 13.180656 43.028769 10.968523 120.933949 13.790504 96.111435
7.020140 12.960599 43.014537 13.154328 332.413057 28.002742 21.556318
7.163777 12.919824 43.185676 8.194605 18.900654 80.262576 -11.675375
6.559821 13.100762 42.952310 3.753054 147.624535 42.722243 -83.329070
6.579305 12.829127 42.938269 9.584459 359.439455 34.468510 -83.027269
6.819894 13.564490 42.727323 8.962992 136.047653 26.427822 105.972489
6.500225 13.101943 42.657276 8.992988 106.008821 59.915688 -115.284199
7.201074 13.434202 42.889770 6.875795 169.635974 22.823720 100.644344
6.411392 13.067905 42.629011 11.925267 315.796259 39.839572 -99.131232
6.390100 13.047054 42.906607 17.570938 3.475571 50.531729 -119.445172
6.387972 13.135520 42.770653 6.270146 179.968999 23.028512 118.312880
6.666738 13.042744 42.915132 20.881824 146.077845 23.937965 87.774214
6.662945 13.418530 43.056646 11.913596 162.729313 34.125960 100.044460
6.948476 13.206636 43.043929 14.499100 121.979813 24.205984 -172.037517
6.553117 13.270658 43.001558 8.372339 137.311680 22.042495 116.875199
6.331376 13.226534 42.706810 10.716811 44.026331 67.665159 0.925106
6.681240 12.879918 42.786555 9.303985 305.855194 41.113841 -56.891026
6.115236 13.173255 42.942810 6.398983 311.256147 71.823797 -31.315785
6.333799 13.094329 42.950089 7.923012 308.823824 31.779865 -103.321282
6.949501 13.142323 42.980356 16.788670 168.355824 44.370996 -94.640567
6.580638 13.299469 42.950053 7.329207 323.984742 54.501060 160.040751
6.747193 12.903314 42.768238 23.744265 167.965363 33.818323 -106.054281
6.527552 12.903118 43.080644 17.056274 158.461147 56.918528 -83.901020
6.393858 13.069497 42.707119 8.274202 346.599238 41.055761 -74.339757
6.893669 12.925678 42.982735 8.797252 154.210997 55.708518 -47.162274
6.613278 13.122229 42.835703 9.288339 93.641966 67.613321 -54.798279
6.304903 13.121093 42.744384 18.458867 319.084125 68.270776 75.164098
6.221683 13.261268 42.842763 16.764759 330.194427 40.515388 -83.361434
6.977275 13.507340 42.796384 9.224824 142.960430 65.101953 -90.025748
6.468612 13.035753 42.740658 3.287993 352.428285 44.900264 -105.495382
6.753810 12.832206 42.625404 4.340986 352.992787 31.180054 -107.248499
6.383166 13.059551 42.932969 6.993480 253.398736 50.915098 120.743842
6.654316 13.045561 42.756258 14.510250 331.684436 23.113495 -121.652790
6.719840 13.074053 42.955727 7.181695 155.452018 59.663872 -113.868033
6.636138 13.316824 42.957743 9.502188 52.181138 66.193310 -14.693773
5.563258 13.156647 42.878822 11.950922 168.647756 28.519853 83.430111
5.821057 13.076268 42.837733 11.056778 32.278931 29.011337 -114.700011
6.558294 13.034888 42.811114 18.540247 136.385619 46.735339 -134.229976
5.925679 13.195507 42.820932 14.675466 298.039278 69.637722 -147.503603
6.555219 13.187545 42.777300 4.432529 158.352500 71.353590 14.882350
6.553462 13.154701 42.806227 11.928094 142.363819 44.023661 -99.184174
6.917097 13.076725 43.312113 5.611070 269.008654 47.210081 -68.461091
6.156601 13.264315 42.868616 8.804847 173.093044 21.705386 122.900995
6.309421 12.920872 42.810529 16.374694 348.350056 34.733084 -59.200456
6.784320 13.412740 42.986311 9.431755 232.077377 51.961727 -159.889010
6.441695 13.208242 43.008279 12.780718 73.417482 55.259937 71.817421
6.743865 12.936518 42.643037 7.820251 318.649683 27.905551 -60.771816
6.732216 13.089374 42.648337 6.259818 118.505297 50.982176 -118.185653
6.612242 13.101126 42.752153 10.815058 330.803112 52.081212 -78.324275
6.648057 12.917273 42.650446 11.013987 178.582972 53.464122 -79.115457
5.833037 12.955170 42.828218 9.284303 355.420758 39.150602 -84.749280
6.380222 13.289121 42.804846 16.137514 159.288592 24.040998 66.885358
6.330973 13.270019 42.806766 8.033368 152.015534 32.402291 79.222303
6.656630 13.249199 42.955221 15.808986 164.995709 27.414233 49.687087
6.401039 13.062394 42.768721 18.155732 321.356733 62.822563 -84.171371
6.556199 12.974619 42.686302 8.890395 165.696122 44.109681 -50.066579
6.552889 13.152400 42.914127 12.413791 199.204812 44.275127 127.547915
6.765752 13.072417 42.706829 15.456572 79.134935 60.825701 60.175994
6.759124 13.519171 42.758526 13.997953 140.488704 29.404783 52.328466
6.830902 13.040881 42.946024 16.420238 179.195536 27.421119 89.690277
6.935502 12.929530 42.708795 11.836351 121.922809 80.096766 -12.875508
7.428680 13.175675 42.794244 11.326180 67.544899 47.824721 -174.833737
6.456473 12.873952 42.822812 6.133091 335.174778 31.682346 -62.066805
6.817092 12.849708 42.739522 21.440740 115.948219 59.645440 -50.481495
6.541913 13.140492 42.769288 12.043120 296.723803 59.680584 -59.950716
6.671972 13.514142 42.582975 12.999352 163.262766 51.130384 -87.275748
6.422695 13.043778 42.769310 7.522602 162.419150 49.625717 -124.402065
6.680848 13.010053 42.867664 14.135732 152.263903 50.077498 -122.136721
7.303604 13.179211 42.726169 15.315029 165.053767 21.924571 104.415923
6.239206 13.097414 42.867454 12.624508 332.983632 42.915831 -112.173246
6.312902 12.954103 42.874349 5.804990 149.439381 51.946811 -58.847633
6.813936 13.375622 42.919916 8.034277 8.356451 83.195144 44.152918
6.758022 13.094315 42.843000 8.798371 308.710599 57.529250 -99.684005
6.798570 13.195905 42.875981 10.829841 79.644046 22.338572 73.270034
6.718478 13.162242 42.999017 23.760382 174.430384 39.187365 87.315516
6.095714 13.112293 42.882635 9.408314 147.504123 41.685519 -53.720723
6.498875 13.118373 42.755770 6.124899 156.938382 41.184785 -112.500310
6.704549 13.107745 42.786461 10.088335 146.622265 35.703076 48.387508
6.077096 13.087938 42.891080 2.710204 149.082323 55.903327 -108.687706
6.464667 13.144159 42.894436 10.326952 2.645001 53.861218 32.931091
6.635333 13.253539 42.948902 8.604901 175.767109 41.643427 -0.143521
6.712421 13.471022 42.896883 13.207424 165.847114 41.038983 129.007393
6.517142 13.100937 42.788373 6.300272 92.326602 62.186804 -122.697226
5.962454 13.337226 42.865300 11.353139 8.724416 57.480597 82.246679
6.535776 12.920666 42.894049 16.916540 176.067460 31.213283 55.778743
6.443239 13.037309 42.775338 12.021740 106.754271 42.770582 -110.001773
6.737610 13.061086 42.875590 8.676570 290.683441 35.176061 -53.462576
6.575575 13.080685 42.761208 3.120616 298.558426 34.515013 -171.411217
6.193961 13.040223 42.893452 10.644882 300.137473 59.014196 -79.321429
6.472080 13.325942 42.868520 13.511601 155.735904 20.048730 126.847216
6.327087 13.319915 42.797144 17.348704 327.821273 50.816462 -69.649496
6.437199 13.086127 42.864909 3.737367 321.124766 22.986235 -85.058047
7.004832 12.769226 42.930192 7.849771 321.647142 58.030086 -74.995147
6.751807 13.318637 42.949154 5.002176 140.652652 38.873638 131.916525
6.741688 13.355477 42.840419 21.857731 261.585056 75.747536 -168.613545
6.080363 13.216894 42.839973 10.094215 246.859388 69.388578 -114.337653
7.230416 12.811821 43.042600 15.562903 1.939987 83.127880 -140.292082
6.632901 13.393157 42.855922 3.836941 25.331978 20.959279 -102.962531
6.831433 13.291066 42.726729 7.947755 10.979070 22.022728 -28.386541
6.393534 13.105993 42.819018 9.272405 350.097590 54.790485 -127.119489
5.990737 13.127096 42.943051 9.682206 136.353016 40.751647 -114.397626
6.651518 13.316390 42.947052 11.888349 159.823690 36.949442 118.080250
6.552546 13.214462 42.845403 18.171927 155.439279 23.514554 68.664036
6.873157 13.199357 42.730275 8.917938 161.800496 28.577325 119.374814
6.819227 13.270567 42.893155 13.708266 177.208449 20.411204 132.459940
6.168999 13.153865 42.831803 6.842937 135.339879 47.668894 -120.495974
6.421336 13.129037 42.819611 13.464989 244.595541 35.885164 -73.705255
6.446722 13.019984 42.774348 15.654380 152.789879 25.142902 -104.375136
6.406915 13.181733 42.658442 8.417655 154.616758 55.517506 -65.337117
6.271557 13.313322 42.933628 14.802059 304.843873 36.213920 83.705492
6.322296 13.066418 42.800187 7.277243 138.069481 58.348985 -89.666642
6.274412 12.979632 42.770995 5.595082 332.022189 28.602227 -64.528439
6.857900 12.793060 42.709462 7.185970 13.184283 31.122036 57.168029
6.060047 13.117618 42.724936 3.708285 151.754260 62.586125 -40.945690
6.071832 13.072545 42.861237 13.742577 273.655450 51.769757 93.329580
6.690691 13.239510 42.947568 4.053991 308.296067 22.697260 97.043641
7.150240 13.337785 43.307032 16.120745 176.937975 49.305520 50.472814
6.268631 13.013588 42.821349 4.154264 142.878787 56.124740 -80.881149
6.465939 13.411878 42.946048 9.666186 125.539720 86.098503 34.298230
6.715202 13.146044 42.823908 10.060879 135.352621 57.917534 -59.756788
6.924010 13.188591 42.987599 10.676846 329.313724 21.187042 127.694965
6.234469 12.962740 42.726436 12.713190 44.473480 23.313046 -121.555950
5.923677 13.094552 42.803505 14.266941 88.291143 84.830246 168.533218
6.243918 13.089390 42.806878 9.399557 153.729940 22.815383 -110.122490
