6.955527 13.182583 42.717396 16.832405 8.674830 29.394359 -49.395728
6.863055 13.262521 42.998606 13.154066 123.844918 51.666439 -75.618194
6.351507 12.899077 42.899850 3.972829 339.893534 58.379807 -114.135859
6.184717 13.155568 42.673546 9.554799 169.288354 50.135877 -113.342978
6.383496 13.031876 42.748792 11.964899 157.495840 42.775178 -83.559831
6.239858 13.201035 42.774030 2.708357 146.052236 20.500410 114.779664
6.646876 13.014683 42.765136 11.070477 317.172280 26.852793 -71.949712
6.728685 13.054657 42.947402 16.228317 169.600176 41.192652 -94.606157
6.392409 13.096857 42.827340 4.143587 118.781263 70.936083 -10.233950
6.924973 13.281914 42.298490 10.149552 93.740583 44.918342 -84.487855
7.062578 12.750864 42.717122 5.021478 318.560311 38.766358 -125.630628
6.231061 13.046182 42.847701 13.159174 136.818523 43.853666 -119.044382
7.002300 12.981174 42.550104 14.601517 99.290164 58.246996 -115.964427
6.674477 12.909712 42.955941 4.486255 178.622783 58.058959 -104.295115
6.923263 13.058411 42.438433 13.314473 107.057973 43.852285 -116.255755
6.188993 13.161615 42.882418 14.089063 165.300486 28.852173 68.574368
6.289842 12.998070 42.961693 12.899655 164.671331 65.184700 -94.333729
6.169126 13.270310 42.769879 6.180141 168.456652 37.905042 90.639562
6.601962 13.131538 42.867636 12.102794 233.756794 36.300609 71.107114
6.917339 13.091177 42.479995 18.083051 172.478487 56.486019 -88.631591
6.439489 13.331827 42.881839 3.257022 127.811307 40.215306 -56.692263
6.645216 12.947737 43.074437 10.079056 170.249115 53.761435 -105.070981
6.724104 13.193492 42.860585 11.851654 177.652852 26.967250 93.261248
6.841930 13.208699 42.967587 13.267930 152.673951 35.687445 134.496026
6.110870 13.142195 42.649065 14.343859 117.584640 89.367082 -18.559546
6.380389 13.062188 42.928381 14.616040 169.558022 61.731931 -72.513453
7.213295 12.870952 43.357713 15.200083 329.607011 73.123956 95.185099
6.976497 13.107663 42.772592 13.361043 286.861000 42.448601 170.938942
6.963383 12.867596 42.697047 4.170992 297.987903 19.484378 166.414555
6.823815 13.295646 42.908162 18.357985 171.807301 34.981267 83.655053
6.835529 13.148600 43.044440 8.382102 167.337462 34.876904 70.224044
6.658000 12.972226 42.689383 14.842165 132.838661 70.589253 -112.238214
6.202113 13.034148 42.868153 7.622819 58.907420 83.125010 -5.657506
6.536905 13.226444 42.973907 16.221679 134.502810 52.864456 91.576744
6.497948 13.049683 42.840781 11.689494 273.583404 40.673506 -46.723701
6.685246 13.060586 42.819235 17.086303 155.735726 52.823733 -90.892345
6.646321 13.305937 42.760482 17.430275 160.275601 23.399820 53.981253
6.898817 12.993959 42.788291 8.364604 109.149622 82.030542 24.060997
6.517708 12.826833 42.788023 13.884207 316.233026 32.052300 -81.107127
6.519530 13.138408 42.785871 14.486267 97.425787 17.722144 48.320924
6.906151 13.042323 42.850610 24.969450 162.189053 47.082785 -97.976092
6.406144 13.198456 42.799391 6.565760 147.858522 51.383091 -91.105027
6.573310 13.213089 42.727666 8.004213 341.083512 33.536902 -129.637321
7.125027 12.923016 42.877935 15.436329 346.319240 20.179241 -31.057537
6.645279 12.764100 42.971317 10.256582 338.637397 38.158944 -60.873387
6.446653 13.024009 42.984033 6.143882 143.798090 81.530455 -154.470370
6.579928 12.935763 42.629087 10.541282 329.862045 25.676893 -76.787461
6.506216 12.938396 42.973908 10.951638 344.853281 27.615554 -94.696223
6.288714 13.112125 42.896175 7.071891 172.675414 42.506839 -91.200473
6.334477 13.504545 42.847341 10.429207 94.701350 66.483119 104.182845
6.467895 13.216085 42.796401 15.256204 356.097875 46.060244 -49.052475
6.467757 12.781802 42.960848 8.970126 265.917201 75.555350 112.074792
6.884540 13.157984 42.801189 6.387226 148.373038 22.937888 108.745942
6.558236 13.311519 42.838776 12.809505 318.750081 43.730540 -88.571871
6.679578 13.182704 42.883989 15.036184 174.963982 27.200091 60.190969
7.042871 13.648762 42.758673 7.034749 148.979394 33.675566 127.980479
5.827873 13.159053 42.829469 18.365323 160.687829 36.001434 70.114995
6.080840 13.188476 42.708828 11.738619 148.771962 22.473742 56.780401
6.411010 13.221974 42.832531 13.063403 38.364461 62.698465 -158.471582
6.055697 13.122789 42.761952 2.808226 112.865039 63.817645 -114.910309
6.486503 13.052667 42.815026 16.433551 168.799845 24.250822 -122.889458
6.947666 12.880258 42.691845 9.703807 175.223027 43.152335 -69.311947
7.152124 13.383942 42.875939 6.934567 266.023866 56.460097 99.318500
6.703702 13.200669 42.678124 16.279146 162.813047 50.616011 -59.562552
6.455115 13.242516 42.957386 7.743511 139.442535 26.067742 80.755161
6.554955 13.272491 42.801198 7.846801 137.240320 25.941418 76.665949
6.588222 12.975821 42.993847 7.818708 160.612998 39.084736 99.595708
6.172258 12.812016 42.892294 16.287507 150.495516 48.079903 -117.367940
6.518728 13.002962 42.693787 15.711107 325.815543 27.612529 116.812662
6.903715 13.010771 43.020962 11.519095 350.717553 53.459094 -93.794043
6.262660 13.005872 42.910209 12.369518 154.000292 41.283092 -110.744990
6.700413 12.970552 43.046258 11.961963 89.880506 78.162430 45.039490
6.152403 13.120928 42.781718 9.555499 209.035956 52.906115 32.986414
7.110917 13.228295 42.581989 14.390408 143.223629 57.396800 -99.471513
6.205961 13.080919 42.713641 6.037479 162.020292 34.419706 -111.254820
6.178855 13.075140 42.988838 12.410836 274.751287 46.557045 -55.312206
6.285754 13.125371 42.859814 3.045370 176.104961 30.539531 92.331697
6.752105 12.921117 42.748844 11.286968 320.919071 67.310174 -117.124218
6.106772 13.070244 42.930209 7.175144 349.759020 25.528899 -126.951048
6.880869 13.346893 43.243504 13.877266 328.912556 12.825930 69.811667
6.293889 13.124219 42.862659 16.764701 3.424059 18.587177 134.912503
6.526348 13.444223 43.037874 11.075759 249.170670 25.886800 126.752149
6.142810 13.166219 42.926604 13.437800 172.690144 33.152699 85.292324
6.456513 13.199596 42.763739 8.373503 162.779115 20.084242 113.657709
6.219347 12.992053 42.808725 6.307332 161.666039 53.455944 -118.314321
6.521295 13.231907 42.912415 13.371746 141.004266 28.901820 67.934188
6.129120 13.097268 42.871580 2.703113 353.951203 27.306371 -91.135074
6.239345 13.024901 42.989605 6.282464 218.772502 37.142295 98.469609
6.596010 13.193642 42.766282 7.878641 172.268878 60.549203 -79.906309
6.674914 13.232248 42.998192 16.283130 154.350892 20.059249 125.127159
6.726590 12.661608 42.789239 4.701298 3.805512 43.466977 87.010550
6.347796 13.057235 42.969491 7.379674 162.679370 41.633666 -119.824196
6.339456 13.090177 42.846263 11.373663 96.061509 27.210523 -92.110261
7.098732 13.166422 42.890302 21.725983 254.050046 33.929694 51.218655
6.842015 13.230613 43.061055 7.813709 145.797974 41.902525 -139.274412
6.548736 12.966314 42.714579 20.483489 271.262532 54.179507 -61.963379
7.027352 12.887691 42.884611 19.022345 336.399292 42.782616 43.044579
6.761039 13.078334 42.818295 16.130279 160.656187 44.794073 -120.593017
6.095654 13.150139 42.874640 13.068735 105.823698 85.788798 147.773647
6.818651 13.149618 42.806134 8.194960 334.926771 43.481859 -127.298721
5.927773 13.081642 42.890649 16.631885 54.798783 86.154348 -164.191632
6.493594 13.230250 42.585102 8.257533 153.450795 57.401931 -129.366537
6.076423 13.281137 42.792226 5.615487 52.438387 55.931710 111.197590
6.973248 13.265284 42.901464 6.491264 178.385327 31.660541 112.813461
5.891699 13.135038 42.813466 13.969606 141.014797 31.996979 66.907514
6.971575 13.090577 42.937348 15.896518 318.693593 54.751856 -98.069386
6.374016 13.025811 42.843721 3.029191 154.011477 44.073048 -85.894016
6.825262 13.067323 42.912795 15.445096 138.993083 53.797617 -82.607607
6.967925 13.286423 42.513987 4.850289 152.086619 41.952403 -46.414249
6.137415 13.151563 42.969988 12.053110 147.630068 85.650033 -147.130862
6.139031 13.085453 42.775739 9.139446 19.038140 40.714372 -11.319705
6.683075 13.130132 42.824741 13.889431 166.058732 56.138114 63.505537
6.317504 13.088892 42.771794 4.091029 89.398400 67.748927 174.623347
6.475368 13.306527 42.959227 12.992817 57.493222 81.016515 -151.334476
6.413436 13.109237 42.754043 10.333675 85.619119 50.921748 93.722622
6.477885 13.268934 42.785710 12.699293 343.183832 47.918342 -79.890427
6.795739 13.057980 42.807707 9.795901 56.522732 56.652884 -88.643798
6.639441 13.181973 42.977000 6.375496 159.136933 28.027648 50.958536
6.493736 13.141112 42.771465 4.989527 135.617236 35.698062 134.532289
6.874667 12.902749 42.718182 13.509117 73.923062 67.885281 -157.117442
7.344861 13.259901 42.779049 8.702561 164.366348 33.644717 84.376088
6.336296 12.968000 42.864726 15.764009 92.080022 83.399211 -8.112964
6.963928 13.204149 42.671350 13.127515 308.811318 36.670198 -156.759661
6.704189 13.176020 42.769149 7.286414 143.905178 29.334681 80.603105
6.531001 12.905724 42.889711 10.675181 72.462545 44.594975 59.403245
6.697254 13.213775 42.939902 10.604750 232.422378 45.892046 132.694396
6.274256 13.127712 42.849380 9.255219 65.978600 29.339028 18.555096
6.521892 13.085452 42.790195 12.125952 174.246465 56.555691 -99.298097
6.551891 13.508504 42.723750 4.614745 141.071150 27.436811 69.477572
7.356119 13.415280 42.874482 11.391956 281.312140 76.107622 65.968127
6.530779 13.323341 42.852299 15.563357 343.088229 48.642263 -129.734684
6.005171 13.121480 42.797889 13.065264 161.225337 20.855095 46.606856
6.642071 13.141711 42.994391 5.379063 352.717460 49.534075 -133.693748
6.749437 13.335964 42.684655 15.361740 175.067771 57.597627 -99.514194
6.379793 12.833234 42.929629 7.902933 338.004374 52.244116 -102.508780
6.223140 12.964886 42.926885 12.476108 245.586489 54.637178 -29.713215
6.450234 13.271746 42.704047 11.492980 338.495407 34.208883 -117.189683
6.372949 13.051398 42.723831 9.165316 165.850155 50.510258 -80.731525
6.697649 12.980028 42.813966 14.911957 148.159815 45.113443 -86.906417
6.954387 13.245123 42.646571 17.363186 169.911383 56.614440 -87.143784
5.950007 13.147316 42.867232 4.572390 218.166819 64.008177 -154.067766
6.451124 12.957363 42.991659 14.412591 284.895011 76.277493 160.925020
6.254220 13.252306 42.807956 12.932565 337.276950 56.169861 -58.710117
6.584535 13.070919 42.773405 18.574893 125.236792 14.505773 -115.744701
6.545876 13.099027 42.847739 15.828242 143.458889 52.489192 -120.499819
6.056292 13.413386 42.841023 7.193609 150.780406 30.276303 94.262504
6.497835 13.057738 42.834123 7.064890 102.605016 55.511873 -116.414137
6.358801 13.124379 42.757652 16.361901 178.695359 52.994190 76.507440
6.738226 13.448195 42.815475 15.049703 152.257679 32.442813 87.555527
6.385032 13.072081 42.798156 8.551873 342.390764 69.636539 -69.578135
6.232694 13.064499 42.776473 12.785686 347.121687 21.354949 -101.454985
6.280209 13.101022 42.794859 9.589791 354.688014 22.232064 -57.102701
6.252340 13.029427 42.732651 20.725429 16.876969 55.066728 81.213398
6.658605 13.458171 42.697845 13.488350 138.917345 53.456112 80.827579
6.453721 13.185318 42.996124 9.731393 226.326136 47.022071 109.370413
6.464904 13.259479 42.914281 11.583461 143.335772 30.167917 90.370996
6.628014 13.180756 42.905239 7.227070 49.770475 58.291037 48.073569
6.326734 12.970471 42.846183 12.369524 317.913973 38.750437 -119.084382
6.380611 13.258038 42.920972 7.063538 148.481068 39.052383 84.820762
6.533163 12.986811 42.784857 7.563566 338.410849 38.516851 -123.802475
6.690214 12.920388 42.835440 6.248341 110.930049 83.922459 18.477176
6.368600 13.224882 42.979431 8.384539 173.870000 86.116300 42.373140
6.164707 13.043294 42.910543 9.574132 68.024561 82.048106 -152.118028
6.508993 13.037979 42.805162 12.963565 247.797569 58.816672 -65.305567
6.793986 12.768391 42.728105 5.266362 326.618374 28.979870 -85.837744
6.149434 13.137098 42.862566 14.005972 119.047655 88.880501 -154.144519
6.650580 13.116171 42.641676 13.770026 152.749814 58.656357 -93.612136
6.215094 13.187892 42.994150 12.214915 149.535361 26.277571 59.675311
6.175858 13.127752 42.857986 9.318917 176.630164 54.060049 -95.038898
6.476762 13.261631 42.990062 5.001307 151.023025 20.475427 82.756758
6.446557 13.178940 42.703341 16.770925 165.888437 36.013516 121.425956
6.240169 12.856346 42.939324 15.448095 135.624522 46.211665 -101.610727
6.433544 13.168520 42.888262 2.439494 154.873691 23.117522 125.984611
6.092945 13.046479 42.850272 14.301887 150.480767 28.774146 -82.327685
6.822499 13.745579 42.723790 7.706181 158.294730 56.474562 106.232554
6.318330 13.105950 42.725584 12.145526 92.656391 24.606998 -127.459867
6.546457 13.112374 42.998444 5.931995 115.677156 48.853359 -56.678924
6.207682 13.219161 42.803687 13.790484 178.948620 35.457360 57.195050
6.388474 13.072925 42.826833 9.282218 346.035676 23.002693 -115.953126
6.239761 13.178406 42.712786 6.950081 169.620017 21.250435 52.781881
6.679539 12.759267 42.958485 12.345709 357.797056 54.949504 -71.887973
5.953047 13.068761 42.904208 4.331390 144.772316 37.799838 -68.162665
6.703123 13.193319 42.996559 23.001153 302.306079 39.733865 -32.141649
6.349147 13.102321 42.778007 9.006475 324.185827 22.491699 -130.911372
6.591476 13.118534 42.958163 6.260063 145.330120 50.179700 -104.238356
6.395729 13.228369 42.750541 11.878875 153.269367 22.886277 120.484812
6.450963 13.054218 42.823857 8.807893 335.565572 36.127341 -95.614325
6.831833 12.875751 42.734885 4.285261 106.527893 41.848540 -47.374209
6.870895 13.338888 42.664312 9.672935 178.202888 41.851723 -59.801291
7.003004 13.266128 43.260238 4.829693 309.309445 35.731632 96.851259
6.431112 12.871317 42.844918 18.599920 351.195975 36.865479 -119.210944
6.916455 12.994745 42.949285 3.537783 290.068411 27.873833 133.866086
6.225352 13.098946 42.843048 11.598671 206.986153 70.204575 47.755687
6.762111 13.046171 42.743413 13.299627 119.757358 22.670456 -94.615214
6.470461 13.220101 42.775569 6.561468 304.085617 31.085692 100.106973
6.861813 13.174292 42.587910 12.586610 156.558896 54.750802 -121.900027
6.856076 13.028733 42.761645 5.651952 316.313828 66.737554 -73.111726
6.799128 13.101229 42.840247 15.689084 142.111045 59.648889 -124.420633
6.738339 12.923458 42.930696 8.783918 36.851034 89.414267 -147.017488
6.803678 12.913123 43.164712 20.698226 23.870088 53.962694 1.765701
6.765422 13.189456 42.580182 5.638785 321.259064 58.026824 50.982457
6.630693 12.995371 43.037310 13.896892 200.025235 58.075213 166.626955
6.514652 12.839308 42.740108 10.442881 150.656760 40.840266 -130.520631
5.813176 13.017207 42.823456 3.580986 160.637507 41.782140 -86.625643
6.417544 13.208537 42.955534 10.504180 120.446241 84.964841 152.175726
6.546723 13.036315 42.765267 16.953094 350.787814 30.974388 -130.142137
6.481242 13.202948 42.970956 19.669818 90.736677 50.214504 101.476247
6.104126 12.989019 42.805296 14.045656 155.003276 86.419834 172.077310
6.315291 13.308648 42.609018 11.462846 99.121080 51.599627 -72.871261
6.595549 13.221587 42.926646 15.967100 146.270066 39.846844 116.109230
6.221605 13.107026 42.883668 16.944508 153.483120 48.315325 -77.980815
6.843755 12.710331 42.797020 17.509238 353.766616 22.497737 -65.710955
6.696978 12.840467 42.618573 9.577628 39.042477 82.020612 -178.526540
6.650088 13.216523 42.703887 4.809663 139.222717 31.229855 133.363175
6.339353 12.984018 42.904946 3.410656 334.231047 59.661206 78.769193
6.142615 13.147317 42.893131 11.305045 266.244257 34.175854 -95.068897
6.408021 13.140459 42.711873 9.186041 166.973542 47.500490 -82.325233
6.813137 12.943865 42.933985 15.495243 93.355923 77.009279 -18.566377
6.431632 13.151489 42.892205 2.820435 115.059826 35.877530 -96.227445
6.169733 12.966937 42.803215 12.344428 91.604869 73.072823 77.395503
6.260831 13.110009 42.856270 9.264156 152.223732 28.667694 104.879493
6.665729 13.029452 42.900109 4.173307 219.759571 50.471254 0.737818
6.086399 13.248351 42.773671 9.082570 158.181125 63.929313 -24.466840
5.878068 13.160177 42.877207 3.972517 315.848042 43.486721 -79.217152
6.166255 12.963537 42.819021 4.973094 323.257197 31.555361 -63.286655
6.238311 13.092356 42.912493 3.953341 140.748802 70.755941 33.699786
6.585902 13.131621 42.689059 20.647891 152.581148 31.717761 130.850215
5.949413 12.985934 42.814579 12.436199 140.123929 45.656733 -84.405886
6.297692 13.094194 42.701290 4.769606 146.968334 72.381655 -8.403458
6.286231 13.279939 42.775042 9.804363 328.863078 66.951527 -71.281204
6.682250 12.614124 42.661887 10.679320 148.778620 59.982619 -93.876388
6.380547 13.237544 42.740273 14.010584 71.022578 86.633255 27.458455
6.258460 13.157886 42.822637 4.498375 143.049016 53.790624 59.042088
6.272883 13.250658 42.867672 15.349234 329.816075 35.365617 133.723614
6.282339 12.881604 42.796488 9.657814 124.090086 68.773886 -75.018819
6.595244 13.136628 42.979364 9.270348 114.185683 78.215532 -83.292300
5.854559 13.148734 42.693497 9.385394 164.431565 39.574086 90.231765
6.540392 13.115685 42.821302 5.686474 102.489086 20.558483 79.533386
5.884950 13.161915 42.830910 14.799538 160.217403 30.494173 134.831878
6.129177 13.148517 42.862311 13.329400 327.651889 53.247944 -76.374254
7.033645 13.110770 43.012305 7.775022 149.443541 35.453612 127.704785
6.071452 13.215333 42.925717 6.860940 233.949670 21.358396 64.489821
6.076474 12.953057 42.802968 13.799819 153.694325 42.079328 -92.411696
6.664589 13.240263 42.837155 13.616885 135.165569 34.307028 107.561469
6.665761 13.207733 42.697535 4.113067 148.410271 49.942391 -54.397628
6.868635 13.326986 43.158816 8.865366 154.398651 23.159589 110.064107
6.590916 12.951345 42.701900 11.171379 172.174102 42.463529 -121.459384
6.421586 13.137543 42.924458 3.788743 161.715005 34.667428 68.326570
6.564261 13.060809 43.116245 11.777882 176.125113 82.039811 -0.269481
6.390208 13.157885 42.967282 17.010019 139.884516 28.056874 99.382948
7.010864 13.369259 42.927960 6.925910 337.349571 78.313057 -104.924095
6.455579 13.072163 42.858574 8.556540 133.376989 84.271278 178.101652
6.321776 12.959056 42.802890 12.053059 322.213109 28.270841 -88.588949
6.432956 12.940701 42.999752 14.576564 139.678644 54.724579 -110.963006
6.125162 13.064061 42.818130 13.542688 178.029227 46.700449 -54.898975
6.535612 12.776198 42.792626 15.383864 336.324397 37.575760 -73.823888
6.173658 12.960242 42.940549 6.616647 167.433233 38.006537 126.280749
6.551819 13.252017 42.991759 14.982158 291.172181 36.801516 -112.876971
6.152074 13.211111 42.890331 7.075224 90.088586 65.546800 -61.897717
6.659436 13.117497 42.657556 14.866706 98.443903 42.942826 -77.231544
6.646766 12.847506 42.828566 3.992178 164.792523 48.758764 -103.356698
6.919036 13.606523 42.730441 15.535554 135.491527 42.487613 -74.685377
6.407618 13.008761 42.721082 9.835712 49.685152 86.510144 145.769754
6.541553 13.005400 42.454276 15.330926 16.032629 84.240991 -150.800735
6.426373 13.071002 42.808429 14.971411 54.304131 83.930677 32.747661
6.441776 13.115712 42.678984 13.576308 139.460043 34.624466 121.488897
6.828321 12.876905 43.097516 4.641295 158.513540 47.941587 93.379028
6.113849 12.937317 42.892020 11.021968 179.206609 48.060905 -75.960003
6.699890 13.376114 42.674445 17.885470 49.937165 73.194422 -50.192985
6.625518 13.424420 42.721316 9.703411 35.717762 83.238641 -43.145866
6.589985 13.033000 42.868340 3.768816 279.869426 21.155596 -61.377198
6.411789 13.331598 42.686036 17.311095 318.908008 48.416855 -81.609500
6.798239 13.172675 42.439645 13.372078 324.522296 51.674796 -52.373780
6.134717 13.016474 42.754611 15.901018 150.050351 51.421890 -76.253882
6.204563 13.183201 42.793392 12.740928 270.303199 22.985971 -174.211056
6.716161 13.031790 42.745324 7.047527 61.893625 43.450441 48.055110
6.500847 13.020634 42.917978 12.350251 160.863320 85.206684 -128.102653
6.188436 13.136517 42.780137 16.222064 10.637251 55.544963 -179.959540
7.058821 12.903265 42.757774 13.604694 138.923686 49.896391 -86.211807
6.884601 12.998087 42.878669 10.685623 283.558046 60.136265 -141.463228
6.630423 13.143546 42.764644 4.863862 40.992113 77.990390 157.146454
6.566978 12.921749 42.840584 7.477755 330.806113 22.535625 -78.761320
6.278168 12.973708 42.827528 3.992661 139.919358 49.603600 -91.511586
6.380083 13.069113 42.859280 14.799344 322.730805 50.380192 33.026694
6.912580 13.109549 42.720195 10.923455 296.601886 42.116052 164.738989
6.703108 13.241373 42.704632 11.332126 60.750838 16.116335 119.678843
6.107159 13.162401 42.831315 8.955159 153.384930 30.805359 45.147502
6.819228 13.132186 42.467989 5.248832 215.655097 41.593647 52.266307
6.578869 13.162158 42.553413 4.323071 174.170857 54.786139 -87.691677
6.565611 13.396562 42.855266 21.435815 131.765864 36.354502 -117.575383
6.677719 12.787225 42.668105 18.830394 12.613772 70.040257 -179.336205
6.299574 12.993130 42.924679 10.234316 139.076150 59.637912 -56.519278
6.277595 12.955679 42.839344 13.995495 144.777000 41.488270 -69.000831
6.505804 12.916997 42.809675 14.242708 162.780923 80.766837 27.231541
6.692329 13.100404 42.781870 4.457017 275.375379 36.154483 -73.082602
6.543511 13.100382 43.037632 8.302412 169.769082 20.617957 -114.071228
6.765158 13.239545 42.833958 8.593482 138.106360 38.976873 90.505272
6.760018 13.552373 42.510984 18.498199 222.225441 42.605033 -87.879879
6.445074 13.141619 43.010260 7.653784 142.522733 41.347715 -67.293934
7.286413 13.366334 42.863888 8.065257 142.662627 28.857161 88.771089
7.259286 12.838289 42.665239 13.160219 317.563036 34.792291 -116.019008
6.391338 13.206852 43.126932 6.496424 170.540338 35.166717 86.473335
6.889811 13.410017 42.722883 21.916245 143.568041 78.179348 -56.882873
6.135908 13.044735 42.834276 15.752992 115.655517 86.815199 -148.576354
7.014120 13.459613 42.931263 7.488469 152.525033 59.861484 82.780609
6.370338 12.884146 42.974606 8.816668 145.721577 53.198163 -134.250214
6.843089 13.052954 42.656466 10.061163 175.748891 59.467370 -64.513262
6.377314 12.943266 42.810890 15.093375 140.787430 43.832007 -126.861697
6.974309 13.279875 42.527010 9.469140 108.806928 48.129797 -79.033293
6.422208 13.071909 42.681581 7.843362 172.853522 54.882392 119.104913
6.545150 13.149590 42.729439 4.838212 330.283027 60.403349 -78.589709
6.557046 12.925030 42.982854 15.950664 107.761580 47.730153 -80.963925
6.160498 13.410142 42.791469 13.514727 154.397287 25.566704 131.225861
6.390045 13.148869 42.885625 4.921697 189.883817 29.402385 30.335376
6.406147 13.179780 42.797655 7.406460 170.200618 35.962621 -98.356292
6.978778 12.776021 42.786482 16.029038 348.416756 32.162128 -107.136223
6.716442 13.003376 42.584352 10.266497 348.729333 26.431101 -85.061667
6.337842 12.933973 42.896825 15.713801 146.074226 44.747167 -86.812552
6.655206 13.190874 43.082986 11.470728 166.422293 23.521189 72.928740
7.113524 13.552226 42.887206 20.033494 308.671720 79.601371 34.322478
6.934925 13.062589 42.733607 18.801918 334.265107 30.923146 -69.140543
6.636665 13.027088 42.821277 16.843004 220.488803 71.377043 -1.157261
6.478590 13.092403 42.830560 8.901807 153.593157 31.571713 -102.892195
6.290987 13.137937 42.741020 7.147009 287.397316 18.366698 114.428575
6.070147 13.189755 42.826204 3.720100 144.605142 22.537370 88.213340
6.361705 13.070458 42.974911 9.373209 141.737686 10.590091 -133.726931
6.268894 13.026090 42.873452 8.604010 256.651295 58.519678 -25.824416
7.107997 13.941607 43.048117 15.058733 126.337070 45.375666 58.826814
6.411180 13.218257 42.739869 10.371603 333.664692 51.117350 -109.286121
6.630652 13.329247 42.914974 12.336475 148.756197 39.745426 64.801058
6.486561 12.852612 42.943772 13.801308 352.162422 14.566039 76.714372
6.251546 13.136208 42.816658 6.332994 334.486914 72.417482 -97.345560
6.431597 12.912638 42.664697 14.867455 282.799984 59.480534 -133.572800
6.554727 13.047198 42.915912 16.217384 152.301883 26.856522 83.260585
6.363841 12.893775 42.759823 8.813011 114.815383 31.974758 -129.754608
6.366642 13.123664 42.941932 16.316034 147.847195 44.059972 -52.759544
6.568455 13.017352 42.782896 8.279978 356.646500 22.364283 -96.508121
6.400200 13.220470 42.851363 5.442572 164.085136 53.248380 -87.795631
6.190339 13.048080 42.933127 21.093943 143.234807 20.311487 98.335303
6.137365 13.137238 42.916652 8.530816 58.457622 85.630426 7.954746
6.125265 13.130809 42.843838 10.818249 94.314839 22.319730 -87.157853
6.040100 13.224990 42.851514 7.429440 141.142199 33.984082 77.564780
6.737867 12.911746 42.837505 5.326097 343.625944 78.211367 -80.055357
6.732317 13.320082 43.009846 11.427973 142.581037 29.531042 118.459288
6.442238 13.189236 42.680404 18.619419 144.282822 54.293275 129.448267
6.437557 13.121276 42.808625 12.865833 153.441991 26.615812 69.265719
6.528705 13.255291 42.762407 8.506922 110.593655 46.186764 -145.468102
6.918964 13.337726 42.783750 12.666063 297.451704 25.227261 58.729469
6.464106 13.086018 42.840977 6.463023 354.942754 35.056758 -60.378810
5.772044 12.988118 42.802531 13.104392 207.123155 18.991195 118.399088
7.030763 13.621698 43.088727 6.144020 158.560709 56.181733 120.679446
5.853355 13.141640 42.805005 13.588462 171.517708 32.218880 -114.798946
6.381419 13.139637 42.846891 12.623648 45.476323 41.355575 -53.212999
6.976895 13.005330 42.908353 8.187126 218.851472 46.276019 76.635055
6.507448 13.055059 42.826983 3.483154 341.238578 47.103600 -120.277180
6.686579 13.054278 42.912870 13.298617 169.666080 42.371142 -64.329651
6.842036 12.976728 42.926031 10.080308 143.490744 49.915141 -104.837020
6.368169 13.100860 42.867011 8.132987 347.354984 67.675781 -55.986041
6.410943 13.045239 42.907911 10.270826 198.257007 78.841074 -158.694832
6.913095 12.393031 43.006283 22.423916 318.383299 53.121209 20.033393
6.487692 13.426641 42.956413 10.524810 167.927834 28.863234 105.415270
6.693168 13.169971 42.901762 9.425921 157.521612 33.868342 108.829969
5.966657 13.271315 42.761377 16.139592 128.820384 82.270914 -167.787080
6.469466 13.191440 42.858590 23.783420 166.110350 38.151162 52.915387
6.829131 13.211166 42.952143 3.847691 168.885531 25.118163 84.464692
6.159920 13.263142 42.937422 18.385048 167.464607 86.372569 -10.674328
6.425717 13.194927 42.771435 12.747539 178.819957 39.730834 126.285336
6.574413 12.993757 42.928416 12.374242 141.494251 44.235536 -125.375852
7.025644 12.631662 42.715265 16.790898 334.867665 38.787616 -71.296105
6.604580 13.237210 42.875859 5.931758 170.250156 32.530799 120.945143
6.752537 12.563182 42.824608 5.281772 323.383887 35.899181 -130.177891
7.049168 13.241440 42.483187 16.478397 171.918576 50.040463 -125.928794
6.061369 13.046247 42.820710 11.855500 96.473253 68.850496 -101.246825
6.763556 13.102459 42.859545 7.600520 288.117574 78.041846 -126.688674
6.589634 13.058831 42.913771 16.111805 171.060427 40.538051 -92.470795
6.693904 12.728974 42.934527 12.295454 166.281260 55.307593 -82.351742
6.649314 13.282258 42.818340 23.197027 151.317288 55.367348 -89.200556
6.436105 13.083323 42.795446 9.415389 144.341000 89.895324 -11.977585
6.318714 13.109963 42.826276 8.399729 236.431600 57.520508 59.879130
6.934133 12.841355 42.700362 6.830321 114.694379 44.018647 -131.953209
6.814235 12.647175 42.803094 4.947859 214.232049 53.975565 18.276736
6.656040 13.329952 42.777235 11.952841 168.932863 34.687745 70.277535
6.646829 12.883760 42.630134 6.296586 36.662995 77.777023 29.748982
6.329559 13.276106 42.838980 6.645927 98.565959 38.622062 -88.488636
6.489905 13.059684 42.788607 11.443501 336.607532 37.993793 -81.476337
6.959477 13.318007 42.971298 11.876510 155.667696 13.934203 120.793048
6.223155 13.223988 42.994513 9.404040 146.132718 22.191563 56.086670
6.719359 13.356122 42.922553 15.617309 143.366872 33.953578 96.052880
6.556362 13.202777 42.810757 18.469785 165.986666 32.298484 127.390252
5.954606 13.187250 42.879850 9.503476 285.091276 26.798787 -155.425196
6.514142 13.040358 42.801096 14.270442 162.481870 55.386534 -77.595698
6.750151 12.835326 42.766741 21.303002 135.494466 54.196863 -55.596128
6.393637 13.006122 42.918276 14.081265 294.533038 59.055568 -91.320247
6.307612 13.143838 42.904491 9.273985 158.151378 31.529842 48.474908
6.853200 13.334638 43.054811 9.679415 261.533442 28.079373 -123.469424
6.233905 13.036426 42.776677 17.717695 171.686161 59.038594 -91.958101
6.658390 13.392815 42.819910 8.732293 160.760995 41.858906 -132.943367
7.107903 13.400764 42.685287 14.607625 353.977049 63.953542 -123.683166
6.262444 13.301552 43.120789 2.860432 161.247050 22.681999 56.511924
6.268180 12.952719 42.779531 9.615196 358.553424 35.466813 -99.461671
6.368839 12.985836 42.924493 9.480832 107.781200 45.203385 -49.245818
6.427550 13.093150 42.729130 13.579135 86.048168 37.182264 -64.586336
6.430807 13.234513 42.872680 8.067694 41.273008 42.475972 -119.620052
6.202278 13.213815 42.833760 13.662397 144.473406 42.924808 -111.279651
6.788623 13.064801 43.022385 23.261043 351.623905 46.469485 -112.375943
6.506448 13.219295 42.924824 13.671953 165.441656 40.147166 46.029362
6.402757 13.304079 42.953424 9.481187 71.977211 82.787477 -28.680007
6.432123 13.295244 43.082206 17.171471 160.870634 28.744101 114.786657
6.073289 13.094704 42.917220 9.392364 325.533472 26.415246 -73.961927
6.398239 13.102878 42.846503 5.684424 331.175161 27.349787 -62.702188
6.639349 13.205792 42.824414 11.342473 100.453306 82.026815 -49.625270
6.478648 13.119080 42.783601 9.606957 303.696847 27.564358 -97.977753
6.093618 13.119765 42.886246 7.534694 159.816628 49.676503 -96.724636
6.760099 13.463735 43.193977 14.253019 150.586415 74.434803 172.042115
6.839478 13.040157 42.658069 12.350642 164.118490 41.194061 -109.799716
6.553914 13.438428 42.726904 8.108948 179.045337 30.425188 76.364208
6.561460 12.799509 42.874741 12.959476 328.736015 30.251633 -57.777542
6.330021 13.263432 42.836429 7.158696 170.932821 57.299817 -115.817318
6.738508 12.784650 42.846408 4.902038 325.230389 39.910123 -57.907560
6.423163 12.811102 42.804338 7.369068 6.625623 73.456936 153.549500
6.342035 13.333230 42.681570 7.386937 174.539062 81.555778 -7.358418
6.306188 13.100107 42.849590 8.956850 119.251979 50.789713 -126.246370
6.810271 13.087805 42.774126 13.996748 138.575100 31.135211 -80.369449
7.025875 13.113501 42.851560 23.613734 116.174173 35.280285 50.678745
6.531997 12.872486 42.794770 3.846023 115.460993 40.664796 123.388402
6.710314 13.087867 43.132201 6.170196 179.970753 45.269696 -94.820825
5.872557 13.042972 42.820100 17.511195 88.747144 52.517097 -45.480686
6.752524 13.317702 42.747372 11.914788 172.377313 37.482360 106.805098
6.510884 13.375869 42.835104 6.481693 114.663341 35.739488 -111.954189
6.638413 13.009773 42.930869 7.007753 168.678081 36.477656 50.173383
6.756788 12.831163 42.775982 3.716102 163.361575 36.034746 39.633456
6.603926 13.146636 42.972067 13.042988 177.494669 27.883512 77.546281
6.417550 13.220756 42.921988 5.152282 141.500586 35.214788 113.925225
6.479698 13.087676 43.009190 16.425176 358.065751 59.115025 -24.561786
6.499221 13.116307 42.843496 6.471674 291.651590 52.803894 -113.879287
6.644985 13.322448 42.986110 7.658475 57.501855 57.609205 -42.701686
6.619360 12.940657 42.774668 3.963330 327.051243 30.447055 -80.122201
6.195237 13.111078 42.817696 4.758195 273.996869 27.139191 153.095897
6.683985 13.117580 42.955928 15.042563 165.503750 22.054108 87.987152
6.769183 13.385447 42.784836 5.759240 176.639776 29.186524 91.619050
6.296087 13.161411 43.063701 11.247727 159.917019 30.874659 123.433908
6.270587 13.049558 43.009343 8.209725 35.660123 34.495488 -100.398020
6.362545 12.920812 42.886082 15.924039 287.313765 25.251290 -116.216903
6.929220 13.385162 42.591520 13.692143 179.837046 64.581829 74.820328
6.303972 12.981141 42.861084 8.656530 327.543929 35.584447 -81.991990
6.431391 13.165778 42.674342 13.059530 114.003650 71.374470 171.822477
6.442106 12.966083 42.725096 10.420266 134.200059 33.488683 164.098391
6.507968 13.147343 42.791490 6.090956 171.902444 43.060604 -98.265033
6.511983 13.012436 42.852322 3.755501 156.067740 53.969266 -76.953871
6.413321 13.190827 42.945148 13.437280 143.652182 21.295306 95.401604
7.013785 13.207465 42.841495 10.384620 298.238996 69.239035 146.225944
6.185662 13.117539 42.868032 12.399500 154.856190 30.740979 -93.516143
6.615717 12.928962 42.718249 8.335490 176.458058 55.486426 -96.644666
6.803674 13.135765 42.786531 3.760143 164.710494 23.683883 65.792080
6.068923 13.186823 42.743144 16.533248 149.503520 51.757977 -64.311517
6.537321 13.316280 42.843173 23.994147 150.551816 49.978051 -110.946916
6.768301 12.905999 42.902981 6.653085 157.231954 54.518201 -130.862740
6.802162 13.380357 42.639578 14.185129 111.501823 82.422917 -35.595370
6.191038 12.932908 42.802115 6.412951 78.694505 56.584531 59.421531
6.613345 13.292978 42.895243 8.518674 320.339035 48.039138 -75.873868
6.559244 13.089913 42.790135 7.495884 164.128461 55.773621 -63.143585
6.542542 12.963431 42.748378 10.068257 271.223574 73.521649 -134.436076
6.460296 12.987296 42.788251 4.502173 171.150581 44.223438 -64.085491
7.042658 13.668487 42.643330 13.895669 157.914214 37.073132 99.887124
6.671691 13.217245 42.730074 5.105776 13.392564 82.361362 -174.494209
6.790891 13.338474 42.894422 11.637133 137.431978 22.284199 124.641988
6.496584 13.167666 42.787066 3.016719 149.827639 37.046697 102.196330
6.699258 13.343508 42.751859 8.577186 140.403713 30.117386 113.664438
6.547807 12.835324 42.837892 9.231284 8.755684 85.539415 -23.526819
6.754397 12.872098 42.918773 9.187232 176.074358 46.336296 -84.654373
6.263220 13.072005 42.867015 4.907450 316.421999 20.885479 -64.607578
6.688205 12.875555 42.652571 12.955138 253.990159 53.117150 119.937937
6.558881 13.253202 42.809658 14.163262 145.281153 45.561171 -77.980099
7.170461 12.948112 43.087041 7.900082 206.341177 35.501832 -76.307713
6.431459 12.943383 42.798952 12.461371 137.041052 41.399973 -64.841996
6.214684 13.225895 42.787213 4.282094 150.245509 22.377228 71.417806
6.702293 12.816164 43.026606 5.340924 110.499349 33.843455 -95.267738
6.448211 12.964700 42.798094 5.931484 154.239408 54.206446 -127.901985
6.919398 13.177650 42.720691 5.012236 146.302889 21.225111 77.601778
5.811428 13.146173 42.824740 7.975949 42.940897 24.668388 62.861711
6.830667 13.121519 42.994968 18.032511 353.984721 46.129756 160.365065
6.477646 12.986451 42.732651 10.746504 167.095513 52.141280 -119.724311
6.325350 13.189236 42.840511 12.510003 121.450425 89.790648 -30.930765
6.495246 13.264925 42.957589 12.221588 160.730110 30.702212 92.493072
6.049338 13.079112 42.751806 5.448563 100.845702 14.171604 -66.281850
6.401799 13.381110 42.962140 8.691212 151.590840 30.844586 68.372790
6.591646 13.048148 42.565519 4.777611 43.126531 89.366560 -162.743805
6.325622 13.018441 42.739379 9.433613 153.032391 20.619915 -48.302276
6.114496 13.155334 42.935679 17.851503 165.616065 23.801126 62.960834
6.425079 13.374993 42.654989 10.075464 94.242869 25.952988 -77.623082
6.616537 13.099975 43.125428 17.773814 189.291814 58.049128 -128.862451
6.576223 13.152850 42.851892 12.486840 156.627975 33.929435 63.085385
6.335264 12.951904 42.853297 10.637101 149.463993 38.006541 -60.245210
6.375532 13.008193 43.095327 8.778589 236.709996 73.776840 9.767759
6.482347 13.155086 42.879394 11.590516 159.679661 35.408650 133.189429
6.856844 13.355981 43.042146 11.672992 136.036975 33.870230 84.645796
6.578237 13.101947 42.848921 11.833960 178.941827 56.603715 -81.098846
6.591768 13.217500 42.915002 14.547290 160.398934 23.422737 84.982323
6.521713 13.217732 42.717872 7.526223 152.236846 38.319624 115.215481
6.624303 13.296881 42.905727 21.961470 165.686465 23.342624 106.144603
6.774167 13.123681 42.900419 18.788632 149.986296 50.279153 -123.464596
6.511332 13.030266 42.987000 24.206928 179.070726 44.930122 -63.840135
6.952367 13.369384 42.727808 11.313504 171.935111 41.436328 -114.043560
6.587653 13.084223 42.723188 12.780950 279.039933 33.894070 115.017535
6.683912 13.163902 42.833599 15.074492 107.486530 71.948792 -71.213266
6.628430 13.053644 42.825625 8.419446 156.318552 40.668150 -101.686492
6.059348 13.168028 42.879958 9.780783 119.078113 69.132824 136.327605
6.534596 13.030695 42.832286 12.206812 167.061995 44.480726 -53.088322
6.070906 13.059349 42.955181 5.753227 295.495034 78.707557 -91.959885
6.925781 13.141073 43.096242 8.364570 108.640802 69.906820 -128.158201
6.618153 12.913616 42.904541 13.362178 255.487481 47.317343 65.772258
6.648797 12.950169 42.905050 18.287028 166.159192 53.487212 -56.070422
6.950231 12.400762 42.728716 10.189983 351.299591 60.189972 -88.464316
6.138197 13.003476 42.889091 12.211121 69.565028 69.605290 46.293709
6.525380 13.361367 42.828775 5.260725 270.665305 38.347855 120.385554
6.698110 13.246202 42.731616 11.869912 149.735249 32.646267 65.677387
6.208441 13.135036 42.871015 12.478112 140.817426 34.030809 68.709123
6.361875 13.296541 42.998546 17.031408 334.573081 58.230538 51.339091
6.608954 12.875221 42.769869 13.456686 358.390273 31.785014 -159.337674
6.717932 12.809176 43.091073 13.079313 140.988895 46.225625 -64.922500
6.630827 13.385087 42.621206 18.178979 348.304939 74.994667 -88.801042
6.570768 13.108150 42.606167 13.203740 123.040224 74.258179 169.716918
6.588272 13.239776 42.914167 18.161915 136.787970 37.118461 73.932408
7.157832 13.301841 43.039396 7.954741 153.835892 50.629268 126.931764
6.538579 13.229346 42.937235 7.204776 170.555458 22.328761 52.123151
6.806215 13.202744 42.947784 15.756650 148.046761 36.976891 105.075746
7.018215 13.403032 42.672964 11.016040 148.930034 53.164941 -51.812619
6.272094 13.077777 42.855163 7.949628 128.349687 58.056008 -55.652633
6.763243 12.807587 42.648689 12.107815 168.732151 31.835596 -110.796929
7.038560 12.731000 42.951681 20.966454 315.328185 39.363269 -55.941727
6.406162 13.102452 42.914742 4.058709 174.995397 51.980987 -62.394038
6.453861 13.008396 42.707851 11.875137 5.041777 43.732388 47.918565
6.989520 12.687682 42.744666 6.697114 332.586861 73.809413 -77.971328
6.841709 13.375279 42.711718 12.027117 162.338182 23.742141 65.472946
6.343643 12.987535 42.869147 14.072090 162.027054 43.515247 -65.046101
6.631677 13.203219 42.706288 10.682319 164.376672 59.449402 -49.614683
6.121608 13.211624 42.881217 8.107014 353.756386 60.717649 -26.888666
6.940920 13.228934 43.070607 4.617109 175.702226 34.280548 57.914851
6.527086 13.005327 42.870797 12.172929 115.662035 51.174890 -58.274943
6.661881 13.240081 42.749704 14.486789 143.585224 49.788003 -80.709068
6.350870 13.320612 42.819700 19.082009 138.477587 49.330133 -100.508260
6.540918 13.244517 42.840178 9.195060 201.574667 59.838788 116.228891
6.756021 13.058167 42.796359 10.167965 165.814893 89.994868 -59.075530
6.311258 13.267554 42.898123 5.186238 345.756690 53.808375 -59.877184
5.838575 13.114888 42.888712 14.746057 170.367442 27.774001 33.211887
6.035823 13.149154 42.781628 11.845286 198.407721 57.464275 -158.221032
6.084387 13.290846 42.974688 7.974456 168.111293 36.207665 79.322384
6.274974 13.199904 42.857081 10.260028 143.668118 21.252757 91.824813
6.239927 13.105596 42.877335 11.992091 175.057100 52.691269 -62.194394
6.786235 12.976628 42.855419 15.841459 48.850369 59.176490 161.634618
6.312182 13.099092 42.942035 9.517750 52.655101 68.623993 -122.519914
6.264292 13.163695 42.863143 18.945522 170.381782 58.977255 -89.073096
6.488543 13.115200 42.886655 8.273713 122.179778 56.511205 -87.841475
6.441492 12.985497 42.937738 12.679378 240.258275 52.207492 64.148618
6.051310 13.201688 42.688070 10.608092 171.480095 33.050975 56.848168
6.720259 12.513315 42.831970 4.094976 340.501211 24.662066 -111.962731
6.581769 12.880104 42.807061 7.022177 277.302596 41.555834 -109.547147
7.176626 13.033002 42.733232 8.309013 157.784103 86.363865 58.178038
6.442116 13.250246 42.938625 5.454271 174.369429 26.327821 125.161938
6.492144 12.984918 42.843209 13.677530 123.387566 48.897622 -79.609893
6.252797 12.988844 42.820145 13.334575 353.152757 28.828481 -92.737282
6.783211 13.548560 42.751476 13.592356 164.802891 34.076700 65.924092
5.644584 13.015473 42.777792 12.691746 90.008002 72.836159 -126.372282
6.462989 13.091563 42.863988 14.300942 150.249855 53.992242 -82.403170
6.624387 12.766105 42.982374 7.499430 315.734958 37.104221 -123.427705
6.879962 13.080289 42.977551 11.532292 175.160012 48.782456 -92.288787
6.764428 13.142227 43.039480 4.760866 334.490725 55.626812 -58.370543
6.333544 13.077926 42.780936 13.044204 278.929423 41.822800 -68.529182
5.938337 13.205656 42.791857 13.113346 162.656383 23.625576 101.224235
6.474652 12.981873 42.771652 18.998691 302.573788 45.227720 -90.027438
6.721863 13.786177 42.776700 8.580956 115.658046 86.975002 17.665065
6.503974 13.284755 42.872471 4.470369 286.565831 75.646566 -46.176872
6.469584 13.086457 42.652555 14.647961 121.093091 52.306344 -80.871798
6.748163 13.042095 42.977805 17.953839 172.730562 59.496706 -124.603366
7.131311 12.945261 42.781886 6.224861 124.348199 48.730895 -66.378537
6.670951 12.970135 43.122525 15.376504 169.013878 31.831659 70.607780
6.766740 13.031517 42.886270 19.254386 135.159850 33.022774 110.752571
6.711605 13.217261 42.783727 5.256492 304.805986 78.919905 -4.668332
6.153548 13.183339 42.748057 2.561785 325.527967 43.829176 -121.528897
6.487184 12.924634 42.873350 17.370173 349.363752 39.029673 -67.573736
6.195296 13.035654 42.903331 11.938458 266.715034 50.212121 96.330126
7.017607 12.965237 43.084311 10.229586 327.058937 31.347105 -75.271518
6.817103 13.250511 42.416105 21.957551 20.555444 49.660516 114.043518
6.660309 13.398226 42.744615 6.945900 164.683980 39.485918 -51.848844
6.421366 12.883830 42.702775 3.025430 102.076649 41.284736 -114.107013
6.604616 12.852806 42.797794 10.061872 147.068861 42.538106 -134.791675
6.998005 13.500633 43.189793 11.213617 145.705728 37.899053 52.259827
6.447449 13.269363 42.829879 8.501546 327.249834 55.026103 -21.246158
6.475595 13.209465 42.886983 12.306851 34.094820 32.188677 104.336608
6.106534 13.058958 42.797419 10.493666 175.879885 41.461626 -45.448082
6.500207 13.171178 42.674398 9.437217 274.507735 70.261298 -90.133425
6.456017 13.062289 42.901687 16.217703 310.172507 44.297802 -52.891796
6.683494 13.125608 42.920565 11.733479 275.098592 41.484975 -60.062651
6.736005 12.938160 43.075650 11.432357 163.756046 43.285714 104.449763
6.608532 13.234671 42.750804 9.353093 226.306536 50.494328 47.144201
6.363257 13.032247 42.825118 13.260132 148.155388 63.401882 -58.006611
6.275847 13.147820 42.785606 5.197688 173.279589 27.171841 106.490640
6.316083 13.166325 42.935472 4.302051 150.471598 21.861955 122.168332
6.710031 13.297569 43.060606 9.877769 145.593113 30.960151 56.112592
5.896895 13.169488 42.900853 17.399129 288.459930 46.534106 -53.427660
6.158937 13.101387 42.951878 13.416726 163.894777 44.189719 157.558353
6.884582 12.834470 43.141745 9.065665 94.404647 11.552818 -49.802338
6.335454 12.986112 42.820647 15.858712 166.347018 40.328602 -78.048553
6.850292 13.142642 42.920496 20.225452 153.573462 48.005876 -89.518683
6.328312 13.070173 42.761082 16.926543 1.248747 70.902345 -149.775782
6.570545 12.834545 42.972620 7.912594 166.638392 59.104207 -46.012273
6.588544 13.484302 43.007532 11.098643 164.562628 56.266050 69.320261
6.590102 12.738986 42.837467 9.942805 344.175799 64.135022 -94.637821
6.386376 13.027469 42.964390 4.834165 47.651043 54.058684 -75.942136
5.755798 13.144192 42.871824 10.494579 172.505313 35.120924 50.857925
6.932210 13.082245 42.642507 6.353906 358.042121 75.604073 -65.374617
6.551936 13.122262 43.133601 17.441345 146.394325 37.761375 123.235555
6.553911 13.179052 42.928757 13.542557 320.308979 51.785865 96.426196
6.295419 13.278748 42.926253 4.086804 149.603423 27.241591 76.055846
6.482158 12.907659 42.719760 4.928571 141.234887 47.563916 -78.548669
6.446136 13.147153 42.972721 11.763015 325.460513 72.663468 49.351737
6.934268 12.907404 42.959669 11.358198 304.395012 52.830818 -56.967848
5.934601 13.224112 42.813639 13.060464 89.972038 82.704024 -179.931425
6.180808 13.066879 42.796877 16.200452 42.182910 28.923648 115.255666
6.400445 13.077411 43.038615 8.920674 177.172247 29.157968 107.999482
6.222655 13.173308 42.772583 12.071318 148.197435 42.760322 -89.804849
6.117983 13.154783 42.780536 10.465138 151.968430 24.321279 56.716052
6.840434 13.202973 42.607055 11.616317 31.969090 84.151534 141.876876
6.405309 13.300011 42.861761 9.335016 47.389081 26.556468 65.145597
6.365294 13.190567 42.853378 9.584165 137.326831 31.430510 89.284849
6.296217 12.974316 42.744104 7.190444 338.632643 30.037334 -93.638621
6.598945 13.400473 43.122899 8.532042 278.394386 48.490910 93.465030
6.298479 13.097043 42.825981 11.483308 180.655013 70.935419 -166.212000
6.816257 13.166634 42.454827 4.618218 165.646503 41.843602 -112.184103
6.261922 12.940223 42.902792 5.629044 101.121563 56.396896 -45.668787
6.954831 13.012227 42.689269 15.582277 110.382175 42.837283 56.743143
6.803208 13.003386 42.939615 7.103466 276.525991 67.191066 -81.593772
6.628188 13.196817 42.890375 4.162591 302.440445 38.401140 -90.972337
6.111204 12.998347 42.894521 13.105663 172.394096 50.018363 -57.192803
6.567720 13.091603 42.841568 9.869781 174.882138 43.045235 -126.319252
6.596874 13.191562 42.784022 12.694948 326.231773 31.214481 -114.213109
6.766337 12.363954 42.768712 13.299162 22.197382 34.369667 -111.274072
6.264096 13.398798 42.853503 15.403326 166.779082 43.532156 -84.229087
6.887916 13.089629 43.094649 10.574907 279.977816 23.831852 81.425902
6.791879 12.758708 42.740065 8.318268 336.344131 23.641565 -109.646041
6.740533 13.073153 42.534289 21.388499 136.028105 46.352267 -59.505890
6.609922 13.337529 42.716405 9.283942 179.966079 44.579129 -57.803613
6.460909 13.032296 42.956587 22.823389 142.100607 51.002704 -59.524404
6.829219 13.010516 42.559962 5.150914 338.756385 57.725421 49.028527
6.107701 13.018162 42.804341 10.432171 161.625626 40.010966 -77.149156
6.651397 12.848292 42.944167 16.264933 137.720705 50.593946 -65.734846
6.273693 12.954129 42.815281 17.882068 164.914206 44.559723 -86.883474
6.504006 12.899925 42.888557 3.717322 299.086641 23.289202 -130.510554
5.778094 13.039191 42.904350 14.037224 172.965113 49.387940 -51.669368
6.379950 13.311440 42.742130 9.828882 147.729765 57.435577 -53.399494
6.625232 13.234354 42.986897 3.062806 166.488121 30.160411 78.391829
6.282181 13.205745 42.781847 5.481581 117.292114 27.105361 -2.739879
6.375069 13.063242 42.834086 6.580802 140.548139 42.811755 -107.818082
5.837104 13.178310 42.789518 8.988870 137.923975 26.001717 134.949426
6.491820 13.155581 42.773012 9.231810 172.839868 24.248252 82.530581
6.376190 13.019126 42.774741 8.544387 124.036701 32.336003 -55.001469
6.910581 13.703119 43.032706 12.786840 173.947400 46.222636 47.686643
7.141673 13.049835 43.104427 12.238314 284.212688 45.079291 -79.721546
7.106240 13.411760 42.603707 11.722541 92.814345 49.663962 -104.484546
6.744559 12.878984 42.711477 4.627596 255.085902 54.543061 55.596761
6.194375 13.087272 42.841718 9.003275 319.709182 33.603636 -111.377476
6.657610 12.892824 42.786690 15.876529 342.284754 27.247068 -134.133389
6.235668 12.964364 42.816772 11.511641 151.343446 48.713739 -82.299804
6.385345 13.244004 42.733970 12.538384 178.461256 28.791381 70.652028
7.047628 13.232401 42.634275 16.888429 174.373367 45.740128 -125.360237
6.411387 12.940351 42.890569 15.649074 149.717205 46.871836 -105.074945
6.091867 13.124325 42.826819 15.862483 8.408784 34.060774 -94.945373
6.242753 13.018074 42.761665 4.011143 308.550235 44.282686 -109.184829
6.190796 13.192162 42.757893 9.134656 161.235591 37.934614 76.087617
6.364905 13.144751 42.951539 13.404556 68.648806 71.562231 -44.724207
6.626803 12.967070 42.959653 4.722615 168.306105 57.661883 -50.889978
6.783009 12.975658 43.046982 14.347267 178.480381 30.843894 63.442559
6.959079 13.241725 42.556341 6.536898 357.344959 76.214245 -101.061871
6.894966 13.233017 42.717572 20.312145 317.317107 66.097938 -135.855601
6.646657 13.166074 42.586297 17.247988 337.944308 32.265131 -31.562757
6.579396 13.069888 43.018769 11.511753 163.450503 44.820225 -50.364852
6.764862 13.246724 42.689295 13.293517 174.264545 43.168605 -76.489298
6.020786 13.002738 42.859532 5.455583 90.349576 54.932424 -108.285121
6.445327 13.139090 42.790676 7.663340 167.895559 27.393948 61.383558
6.436888 12.929252 42.811631 9.865463 161.395423 49.915460 -124.937617
6.526126 13.071129 42.924811 3.889474 124.664136 56.545532 -64.006488
6.845684 12.876313 42.662456 8.474678 275.158603 29.812061 -98.597627
6.575304 13.149647 42.823137 9.649021 165.550459 51.064041 -79.136428
6.812644 12.984864 42.792494 11.714064 317.262938 22.895209 -124.252132
7.614646 13.876807 42.380643 20.354953 119.476008 32.733769 -113.023722
6.686561 13.167114 42.584728 12.265589 124.147939 51.703815 -128.414433
6.828460 12.890077 42.869412 15.798120 277.325381 62.605628 -172.374285
6.514019 13.142013 43.059114 11.096793 119.848754 45.256410 -85.079835
6.600527 13.353290 42.776745 13.590907 178.250897 26.070430 77.698899
6.618335 13.205622 42.720356 13.664016 179.763440 35.251697 84.550605
6.660463 13.062883 43.000946 13.432477 150.321740 41.125115 -79.096529
6.562068 13.434704 42.927132 5.181718 153.687661 32.317761 122.711412
6.675282 12.657947 42.870253 11.789715 202.409340 41.427916 -78.399292
6.545806 12.956826 42.681915 7.726662 154.344409 67.707358 -79.579569
6.617769 12.935736 42.938178 9.343708 62.396776 79.571949 9.303711
6.687475 13.146340 42.948872 7.359628 15.375515 67.944075 114.710955
6.470050 13.375526 42.805487 8.090458 52.283485 88.441373 173.844013
6.419878 12.997234 42.753366 7.184555 335.197600 69.283215 161.183236
6.742194 12.792997 42.616571 5.481153 122.189925 85.871414 11.830976
6.533481 12.906597 42.887245 12.632566 356.715214 24.643097 -53.628031
6.329716 13.001208 42.866440 16.958479 342.857945 27.642187 -72.965215
6.416894 13.129145 42.779008 18.075679 85.629987 89.482815 -37.961969
6.231474 13.246323 42.805159 9.750674 347.008156 62.744177 170.730952
6.664683 13.210267 42.556549 12.620573 136.689491 71.195982 -85.924584
6.451989 13.126739 42.761858 9.639834 164.787161 27.678298 123.036359
6.265902 13.118812 42.822997 9.804894 177.621230 30.471492 129.533120
6.625808 13.151496 42.992641 15.210718 38.844702 24.321187 98.060834
6.331706 13.140456 42.916411 5.777393 107.105498 43.743182 -81.805656
6.235427 13.119613 42.864662 10.326796 138.896128 38.896395 59.351795
6.087515 13.021256 42.875939 10.726971 115.018663 87.907872 159.600026
6.566127 13.390728 42.929255 13.064946 149.319538 30.416237 49.934825
6.079101 12.862952 42.639210 8.632698 330.151502 38.970227 -70.733035
6.299853 13.259032 42.782639 14.158013 154.402237 44.863222 -80.365039
6.651986 13.055427 42.794800 13.762108 358.688661 63.115055 104.895504
6.677682 13.207947 42.748558 13.098347 139.511309 67.010690 -135.700516
6.319498 12.979206 42.774722 13.481956 131.302955 55.705224 -121.381532
6.454712 13.115002 42.802566 9.461585 136.217647 50.094053 -97.903438
6.137375 13.169511 42.818008 4.927005 154.688363 31.878626 132.059648
5.930351 13.095958 42.885700 10.154281 145.311649 23.477486 82.887890
6.070389 13.213464 42.864344 13.357343 246.893453 41.574427 -102.937191
6.566988 13.175512 42.819074 7.750473 154.432729 21.308141 78.707964
6.505033 13.352496 42.752223 6.826580 323.190951 30.310195 -74.235125
6.779858 12.913482 42.781251 19.023079 145.245632 57.058566 -94.919136
6.886518 12.765709 42.610015 26.180139 20.059806 52.384769 -167.530941
6.213603 13.154799 42.832859 13.825759 351.720042 50.855281 -55.630929
6.132331 12.939453 42.891968 14.682824 348.579626 52.288905 -93.637161
6.525899 13.184005 42.952483 9.726384 161.324117 26.314951 125.660571
6.775015 13.030437 43.030658 4.333291 351.578235 32.215518 -74.112926
6.399779 13.046725 42.981311 7.944586 158.097976 44.650295 -116.096198
6.371186 13.191618 42.949713 3.416292 159.008439 56.505775 86.058057
6.199513 13.006634 42.872495 5.307045 25.269760 89.095865 -171.536682
7.021271 12.727583 42.861065 20.240431 168.003705 76.219362 -54.499476
6.488357 13.355621 42.622904 11.352676 170.283596 46.624984 -72.407424
6.118002 12.982332 42.798474 7.933610 172.652744 41.880440 -62.799706
6.348876 13.101448 42.727159 11.754483 340.500549 59.967341 -64.264485
6.428756 13.259076 42.769006 10.798509 142.980527 23.654359 113.436982
6.696581 13.195870 42.920965 12.040490 152.983430 39.067461 85.407391
6.689667 13.287266 42.922249 6.041817 145.898616 34.303333 84.582472
6.338336 13.265284 42.809711 14.515064 172.384132 33.038385 131.958995
5.908834 13.130250 42.853189 12.776192 153.098286 35.860785 61.353647
6.471757 13.193141 42.729526 3.688986 279.301409 55.749769 -91.386312
6.751692 13.388590 42.993071 3.638390 141.848291 33.282034 104.160749
6.722629 12.942337 42.731896 7.313400 341.192335 27.644881 -114.959935
6.397560 13.088283 42.792840 15.086602 325.381489 46.778823 -69.268239
6.805023 13.437726 42.900988 11.951689 144.551513 28.583298 109.312108
6.885605 13.098795 43.063669 4.526308 146.614737 42.308856 -112.830216
6.652851 12.860955 42.843203 6.996008 354.702505 69.981415 -64.996429
6.385700 13.258803 42.782576 3.966271 7.604978 84.423758 -137.737340
6.605621 12.636911 42.979924 7.159517 96.589329 53.161509 -46.737303
6.172828 13.095143 42.824125 12.500853 326.948257 43.480768 -85.911795
6.957635 13.101686 42.914047 16.845241 32.434261 30.300296 84.962588
6.597154 13.015779 42.799584 8.870212 295.142767 66.836329 -73.050148
6.620480 13.548359 42.807792 4.526229 142.497655 22.459139 71.107823
6.711523 13.406413 42.769789 15.423023 152.828483 25.288472 94.580624
6.193399 13.056597 42.779036 8.652142 165.894036 50.743336 -133.913636
6.207764 13.162879 42.857299 3.141899 304.399541 57.722338 -125.847726
6.474023 13.124078 42.844675 2.762352 168.773750 25.630334 91.778538
6.091704 13.032892 42.834469 13.606597 205.247223 59.605226 161.495549
6.937591 12.736748 42.838727 13.090504 329.622711 54.717487 99.932658
6.916452 13.201408 42.685920 15.029886 169.930789 28.241021 45.322977
6.214649 12.961560 42.830062 14.545838 353.725832 42.965153 -73.450317
6.518802 13.333114 42.784739 6.717285 330.526148 42.042977 -93.750532
6.267436 13.081768 42.850709 9.806856 277.370964 24.537899 140.280341
6.169924 13.108657 42.779385 6.920617 158.138165 58.828478 -80.180451
6.482486 13.291389 42.932127 7.672495 66.773901 65.640168 80.829116
6.407610 13.037639 42.780419 14.730139 355.014653 31.447105 -115.611003
6.672470 12.800054 42.674458 12.373865 140.569023 14.400393 -92.271272
6.399247 13.008574 42.867039 22.033801 155.697699 42.858276 -34.640001
7.125581 12.476626 42.806130 20.607713 113.960330 79.806223 -165.573165
6.465119 13.086658 42.779804 8.635900 177.474951 44.533440 -93.040491
6.866839 12.845679 42.986413 7.383662 141.577362 59.322055 -105.762513
6.388613 12.969387 42.753995 12.104143 170.979990 43.358847 -70.739506
6.543363 13.252704 42.878612 12.645784 317.199793 72.913354 -48.242438
6.708533 13.070663 42.814001 5.784927 351.537861 25.835272 -66.426155
6.338532 13.127408 42.734723 11.943417 337.962022 38.964983 128.937198
6.475897 13.035105 42.704681 6.209244 185.134901 28.544821 114.500820
6.743038 13.095317 43.004856 10.861887 135.101209 46.865011 -103.720049
6.933561 13.330286 42.839555 11.189907 144.451134 44.710650 -48.796221
6.436665 13.254317 42.962501 14.506507 137.344404 24.991616 71.765381
6.539034 13.148716 42.846290 10.915289 106.374164 39.432814 -134.959688
6.366600 12.925625 42.782901 10.697314 153.149170 44.556937 -72.608851
6.362223 13.047247 42.801437 10.714120 176.878635 34.554691 -117.714434
6.729971 13.069887 42.695750 9.319983 348.037644 57.384540 -107.239157
6.300111 12.832394 42.806701 14.607428 296.972189 12.222619 -82.262082
6.073631 13.034643 42.794294 7.587746 169.137474 50.178838 -99.123531
6.699515 12.864905 43.192812 8.281260 326.854378 22.845742 -75.289526
6.490911 12.939715 42.825597 14.091570 140.899868 46.774979 -123.847589
6.309982 13.151215 42.785960 11.282448 146.621648 22.164760 63.504003
6.321215 12.968141 42.883219 7.706575 167.708181 41.632732 -101.003222
6.597453 13.303078 42.790176 11.753973 188.350206 37.153508 -155.722984
6.220885 13.276809 42.743648 8.809186 205.720834 52.954640 -42.886344
6.492705 13.031412 42.750886 12.788993 254.217358 54.415963 77.187362
6.602324 12.941497 42.936860 9.953628 42.907181 74.566909 -176.117438
6.717039 13.229807 42.943531 22.511037 322.617707 39.976938 -125.790185
6.029655 13.087583 42.860366 2.764737 280.688233 54.204560 -103.145493
6.460746 12.922257 42.853162 18.636087 318.811155 47.850164 -48.640760
6.478968 13.007571 42.843613 10.816927 136.813634 85.050096 44.868736
6.343523 13.062267 42.777497 9.631160 213.350867 58.138840 0.049628
7.000919 13.038675 42.620032 8.801618 2.882387 26.126472 122.596157
6.772962 13.159751 43.011350 22.453411 213.942756 48.602266 -107.518362
6.409419 13.140279 42.930491 7.249276 159.977037 78.838184 146.617263
6.831498 12.975306 43.070064 9.623231 159.609997 47.648390 -78.705416
6.805656 13.085268 42.765884 8.814408 160.898703 52.840861 -132.812664
6.547458 12.948970 42.751655 13.350718 160.970958 52.886299 -45.246538
6.388156 13.027961 42.952587 14.541284 144.396570 48.743230 -128.123997
7.110002 12.847084 42.872099 22.466408 157.270320 37.796393 75.341185
6.394302 12.697252 42.610670 9.210223 341.031877 24.197599 115.017617
6.847299 13.079681 42.901823 8.332704 193.785476 37.119437 29.389037
6.930704 13.233932 42.581313 10.102477 305.302536 37.912141 -111.297227
6.668589 13.344986 42.888823 17.614017 162.932427 27.111779 112.841661
6.633850 13.273674 42.821853 4.346537 143.576347 58.604439 -114.059705
6.470481 13.163846 42.724399 10.791771 108.838496 61.435561 -125.174416
6.622422 13.287239 42.861728 5.799524 148.974621 37.174617 98.727072
6.469099 13.098087 42.704335 14.350852 222.224163 27.252030 73.197770
6.210439 13.116997 42.827094 13.538439 137.295899 49.293226 -104.830791
6.558997 13.220205 42.466096 18.002295 310.299066 65.155534 -12.495453
6.430232 12.921986 42.888787 14.709924 175.383639 43.169283 -86.107013
6.971841 13.034366 42.688566 13.168607 339.540328 47.351796 -124.951864
6.184644 13.077254 42.768197 13.656040 354.319610 46.704311 -125.480950
6.527662 13.067335 43.041628 13.844233 316.944433 21.062101 -115.731260
6.322076 13.163626 42.736151 11.850550 208.617970 38.519271 132.137930
6.643086 13.492773 42.918456 14.580533 73.004448 48.313648 117.331555
6.603654 13.026756 42.646509 13.229645 316.749498 33.356677 -114.727657
6.272444 13.272973 42.737021 12.412997 162.283633 33.417795 99.444487
6.786317 13.242052 43.175942 10.584591 152.805229 50.868929 58.144963
6.603986 13.057631 42.923523 6.997909 311.137098 44.176035 -114.736366
6.477762 12.936110 42.609561 3.209959 213.160496 40.700595 -71.184291
7.247803 13.310571 42.794854 8.277251 178.648899 51.573436 -106.917588
6.204366 13.251082 42.875711 13.662112 310.339264 71.097730 23.006723
6.430688 13.110396 42.974255 6.823196 178.421263 30.490173 -81.115688
6.343874 13.112094 42.922065 11.572356 327.745584 48.133012 -86.865270
6.400440 13.323052 42.729778 12.423919 150.149148 57.536063 -82.760977
5.823234 13.132456 42.755539 6.884750 145.118900 29.098676 92.248834
6.457463 12.967567 42.847864 13.640474 46.393097 81.170677 -162.561834
6.517931 13.140493 42.835008 11.374954 26.950263 55.189698 50.601950
6.229584 13.066496 42.883998 17.286885 303.521592 23.250501 111.349175
6.442898 12.990054 42.816796 4.646958 172.796126 54.233538 -73.570112
6.578134 13.123402 43.016370 11.513852 203.791094 29.317939 65.799120
6.920872 13.226052 42.985859 13.468118 157.714624 50.871916 -79.785502
6.645255 12.600490 43.046986 10.854505 70.244353 78.976358 -104.594032
6.435315 12.995431 42.886479 5.438593 166.949269 55.964778 -58.639221
6.042516 13.054819 42.835306 8.321960 142.345696 46.193617 -102.339684
6.953706 12.747458 43.086489 7.004087 177.161427 27.673611 -49.276641
6.372845 13.183538 42.774592 4.627832 168.567330 28.173330 -105.931179
6.759504 13.062768 42.860521 7.172399 301.028635 23.715086 -75.647591
6.082634 13.133321 42.847022 14.501492 144.689664 54.103094 -133.876621
6.538987 13.030422 42.829231 6.150060 123.488124 24.283569 8.942388
6.712923 13.288332 42.816126 8.260394 133.151285 51.858163 -86.075081
6.542553 12.916298 42.790235 19.496051 178.844806 46.037420 -120.682021
6.646441 13.010332 42.825911 7.036799 358.293712 38.908830 -99.019166
6.686090 12.813454 42.875642 3.814254 174.339876 42.525886 -97.810905
6.642276 12.921952 42.910004 9.637947 214.960897 43.971665 -135.450659
6.476178 13.310551 42.657333 10.095141 171.844475 30.635517 57.637415
6.746973 13.438511 42.838631 11.242843 38.130660 52.496995 -103.565131
6.065268 13.107810 42.805571 11.463165 174.905837 46.895160 -114.823865
6.315887 13.033811 42.818059 3.206900 159.698950 42.079363 -57.451642
6.420338 13.030050 43.120729 10.990772 143.307533 59.682865 -125.565771
6.918719 13.223040 42.728820 13.388610 163.612608 59.169932 -82.127652
6.499157 12.819880 42.886874 18.647152 328.334247 23.730875 -97.502827
6.896184 13.190269 42.808797 4.923724 151.726091 47.640390 -134.587343
6.557376 12.803968 42.701848 4.704104 132.619926 43.927425 -53.734755
5.850649 13.144524 42.838007 12.028896 160.829162 36.720948 98.891489
6.202359 13.180503 42.775952 6.605112 172.025721 47.077298 -128.656430
6.449347 13.334323 42.718547 11.966561 179.862603 34.800246 77.219598
6.572051 13.124433 42.743960 14.869830 349.601078 56.075315 -64.681776
6.030053 13.278676 42.684401 11.747588 173.909083 46.586356 -58.339805
6.212248 13.138781 42.878643 11.108818 284.882842 53.346156 -107.413416
6.792908 13.516882 42.700899 7.777822 177.982275 43.811409 54.461683
6.353852 13.336763 42.815391 8.924909 91.672255 66.044521 -160.726638
6.172750 12.938532 42.804642 14.009011 170.173555 89.254604 -133.636161
6.942197 13.402181 42.731610 16.419510 256.481349 53.037860 120.229753
6.003747 13.041801 43.030144 5.205560 72.839310 77.921189 85.452697
6.610800 13.197572 42.680046 9.577995 100.139189 82.293109 154.482597
7.042518 12.603215 42.426201 11.938195 338.951557 44.583059 -121.938867
5.991672 13.158145 42.889567 9.065304 136.197776 30.028882 68.849454
6.925605 12.213442 42.835504 11.832562 358.463864 47.959152 -88.665110
6.225055 13.027120 42.929754 8.971161 155.129293 24.645174 95.695988
6.209317 13.052867 42.837408 6.261011 348.696877 26.581550 -59.807485
6.426932 13.097810 42.742373 16.367949 216.431031 25.994421 -75.958250
6.420081 13.183069 42.878885 14.948615 99.728176 59.045750 105.775472
6.562625 13.065824 42.919288 11.694325 339.265459 47.806918 -34.390593
6.369784 13.174477 42.813491 13.065960 286.388626 65.222015 -99.118233
6.175618 13.072885 42.763948 6.658126 315.783377 25.235017 -128.634914
6.817313 12.835541 42.766670 12.086050 146.377741 50.740255 -121.894610
6.302875 13.222996 42.760579 5.071038 135.653636 36.265531 119.081806
6.287859 13.023389 42.783990 12.908253 166.334692 45.959530 -107.228347
6.729179 13.151419 42.774470 10.144598 106.445092 63.728640 -72.967376
6.788822 12.939166 42.556965 23.757391 308.992655 55.392653 47.013759
6.656194 13.064152 42.641817 11.983666 206.726857 28.178548 92.673054
6.516616 13.095595 42.790294 9.118733 80.327409 53.085953 109.707451
6.539857 13.080758 42.842597 12.246578 255.755181 69.473626 -146.946256
6.388228 13.013683 42.906092 8.212686 146.295349 51.808038 -58.109859
6.237712 13.111847 42.722047 11.054036 281.128111 30.250281 -113.232520
6.386176 13.108735 42.816386 8.184372 216.491528 43.056856 -61.521036
6.489024 13.078783 42.801580 4.519834 140.457490 45.380666 -133.667733
6.435025 13.488390 42.849759 16.399215 176.452809 29.394050 65.921448
6.800518 12.918719 42.963440 23.264556 167.353945 38.846487 83.221783
6.541209 13.077969 42.710692 5.035398 154.416934 55.986723 -87.706321
6.850241 13.076093 43.020752 13.613369 357.470792 74.146345 -56.132646
6.808533 13.282136 42.622600 4.647845 158.779811 49.546900 -109.296112
7.428898 13.101643 42.585967 7.401201 297.427318 40.822604 -119.830109
6.569936 13.027268 42.908105 10.371202 141.138611 48.886410 -97.538661
6.711111 13.119360 42.834141 4.622806 168.440491 25.198450 110.514945
6.498633 13.484245 42.765195 9.960441 163.460292 24.561273 123.767932
6.163125 12.854955 42.773512 12.872541 309.846699 10.867409 -122.106425
6.441198 13.006633 42.711055 17.623899 143.585675 32.626937 -104.897162
6.415020 13.295646 42.760599 3.635436 146.984182 59.861226 -50.819509
6.277129 13.168070 42.715701 11.553807 118.885301 81.086310 -72.323916
6.498143 13.122324 42.940554 7.411001 136.998569 42.466961 -90.198159
6.780969 13.130934 43.081468 18.629646 156.240791 46.786843 -101.506839
6.696596 13.214973 42.900659 9.888584 163.860354 31.671506 101.621223
6.548003 13.174609 42.694539 9.680619 150.394589 72.004606 -133.136231
6.459060 13.051735 42.853653 12.376537 177.766456 53.870657 -131.475617
6.689746 13.073663 42.705633 10.754684 176.619090 31.194883 -121.208759
6.569846 12.785557 42.858067 14.523229 132.770720 53.423218 -111.218176
6.535024 13.063015 43.021394 14.829065 159.578553 35.621174 112.105940
6.355309 13.252627 42.836667 7.275345 156.749277 52.257344 -100.396949
6.444507 13.039797 42.798468 14.967193 147.709514 45.876837 -127.560677
6.521941 13.286827 42.723573 10.698661 142.468366 31.606032 -59.829033
6.420851 12.984470 42.716418 10.282286 295.988900 33.648367 -149.254171
6.206738 13.087196 42.850985 7.532345 151.178374 51.283265 -94.700799
6.364105 13.281680 42.918039 12.943312 139.913637 22.001639 66.142689
6.309512 13.227557 42.821760 14.740838 161.738786 51.284802 -127.966340
6.804289 13.188581 42.961026 10.956351 295.072891 44.253658 121.776763
6.260894 13.197109 42.866494 18.463469 155.346530 29.737223 126.450708
6.432449 13.213867 42.655879 15.030321 273.146614 69.414919 -109.221857
6.913602 13.301615 42.849628 4.351546 140.134806 38.277721 105.609728
6.580230 13.233948 42.960201 11.641947 283.071494 46.451885 129.114954
6.441088 13.128895 42.838908 12.090862 273.155444 35.223418 -108.801254
6.189779 13.231686 42.699245 8.108019 225.449986 45.881518 -84.609241
6.419365 12.986712 42.842033 17.348860 354.504969 43.220598 -106.141755
5.854718 13.193488 42.797367 3.341338 138.097624 52.738378 -58.989256
6.761314 13.095644 42.522292 14.206099 171.795253 41.717454 -129.805528
6.364720 13.121256 42.680868 13.525634 44.588730 88.676511 -21.942283
6.564625 12.871730 42.778732 4.632889 257.983104 40.890986 118.013551
6.574797 13.104999 43.037675 3.921227 9.756199 52.036089 -24.150414
6.252225 13.163646 42.789025 8.885128 223.120246 49.283395 119.945488
6.268995 13.154022 42.747355 4.059982 277.991859 77.255511 -1.933443
6.123711 13.063574 42.846293 10.885912 232.306037 41.822366 110.659465
6.253134 13.159620 42.847597 8.966127 321.944315 21.377191 -82.661584
6.028963 13.025205 42.760046 7.986441 148.188802 57.383675 -101.956041
6.525786 13.159381 42.678351 11.791396 223.861895 56.811372 -115.717287
7.269881 12.575625 43.044551 17.319324 88.577863 69.425909 9.412937
6.124964 13.096039 42.809174 6.195359 133.850644 83.968874 -95.392890
6.623585 13.063191 42.674519 5.681352 331.475773 54.575412 94.362115
6.657760 13.583049 42.925246 5.522977 139.514873 44.401345 92.888095
6.475229 13.187227 42.915934 16.662534 147.234771 26.588798 69.807067
6.486508 13.422430 42.896493 12.812940 167.680064 21.511859 75.491295
6.445857 12.923909 42.706046 7.094900 161.674855 44.805791 -124.620666
6.598500 12.986619 42.713563 11.754439 346.348287 37.780913 -107.116889
6.301383 13.239275 42.683647 13.054421 160.517367 54.723260 -69.492289
6.412304 12.946871 42.879710 22.293211 139.845858 43.993622 -129.053844
6.646338 13.198591 42.545145 7.286437 342.173919 25.710686 118.998346
6.365527 13.021773 42.744772 6.757363 327.070703 23.659472 -134.709181
6.140997 13.164949 42.869955 10.919967 252.430746 59.745636 9.588622
7.008326 12.997548 42.709572 8.323545 141.458126 56.618404 -131.681963
6.324080 13.428897 42.768197 7.658331 334.930700 21.989355 -60.839741
7.179239 12.818061 42.420468 16.539927 118.685812 55.576425 -131.763416
6.294074 13.020275 42.792789 8.711571 107.699635 34.601217 -133.262359
6.251468 12.967907 42.833080 13.160624 98.791682 40.406706 -113.490770
6.635736 12.762163 42.745459 8.872549 358.479004 20.688138 -127.266043
6.434787 13.022215 42.913761 9.292896 149.494787 45.635622 -129.789920
6.580144 13.067553 42.888110 13.266388 137.804712 44.830160 -71.735698
6.304365 13.210891 42.872018 15.016348 152.865055 46.750936 -53.705503
6.514857 13.028412 42.996729 7.296095 135.563359 41.503817 -49.238472
6.533087 13.065547 42.823117 4.506197 156.514409 29.365061 -68.856101
5.905176 13.063509 42.804935 10.590843 317.235929 36.272244 -111.288113
6.147718 13.097439 42.728730 2.865448 159.063144 56.379972 -104.929351
6.761285 12.797055 42.552389 10.613352 346.463367 32.149742 -112.971513
6.852009 13.202214 42.983122 15.016606 216.396149 65.002753 -90.320070
6.471308 12.996965 42.716765 16.263897 357.552563 38.630443 -46.481163
6.816340 13.031471 42.991963 9.479957 171.259611 33.392964 123.351740
6.634615 13.274603 43.004759 8.501052 319.838918 78.056057 9.867006
6.152987 13.262116 42.833207 12.493482 135.960102 43.123057 -107.258455
7.014395 13.094171 43.009808 14.549758 148.020672 44.942658 -120.934938
6.754788 13.145191 42.797336 11.305164 162.228575 35.984843 48.717871
6.466744 13.174017 42.790092 12.425823 137.703361 28.506027 76.787767
6.926243 13.463745 43.059587 6.515860 1.064076 54.325566 -105.630404
6.869379 13.392081 42.877035 20.274502 294.884786 78.260060 4.389882
6.928329 13.177488 43.012496 8.327085 170.725068 24.463507 99.715412
6.579050 12.886864 42.962997 14.826496 140.381346 51.142550 -95.221048
6.811811 13.132976 42.656188 19.873638 167.647496 22.310376 -46.434247
6.497509 12.744065 42.590445 23.591579 348.617884 32.706362 -88.714261
6.281259 13.370836 42.763480 18.027384 16.392353 83.397172 -151.113359
6.838338 12.878893 42.817809 15.318339 165.331126 59.610875 -73.018372
7.204499 13.369162 43.290045 6.990930 122.252600 52.389646 85.194064
6.657546 12.891810 42.588064 4.852709 150.089026 72.989503 -134.144107
6.838623 13.263260 42.819804 9.460081 143.299870 28.377746 91.183789
6.611633 13.128694 42.953764 17.544143 220.893954 46.651037 -124.891794
6.510312 13.326103 42.746181 18.072513 179.207034 59.923960 -68.928170
5.981187 13.213880 42.853583 9.980989 150.415506 36.359501 -133.251230
6.636711 13.326366 42.666664 5.416618 348.328947 40.253519 -110.908977
6.598319 13.167644 42.993423 9.776011 178.125245 26.561820 45.620522
6.335456 13.096217 42.867799 9.060025 329.233210 23.251255 -115.246017
6.601398 13.339059 42.838957 6.306705 155.882843 34.539004 72.089280
6.796201 13.274179 42.405864 13.368532 43.501184 82.701001 27.348691
6.219003 13.019887 42.756734 14.164467 97.045852 81.768865 27.044867
5.753313 13.113600 42.877955 10.403521 108.275611 64.047756 -132.030213
6.513270 13.364083 42.726909 5.539154 149.770546 32.207956 50.982784
6.822774 12.490746 42.775870 11.098666 108.175935 56.736872 -129.736309
