6.564155 13.156316 43.269127 4.053853 67.753991 45.712288 88.424725
6.320906 13.147151 42.781416 9.436496 153.628365 29.293396 91.019989
6.093057 12.986627 42.779038 12.650751 229.604563 15.938211 120.134556
6.865036 13.193967 42.950988 10.340250 148.919705 50.715618 -97.009661
6.388541 12.877647 42.951267 6.574470 226.846522 26.761535 172.850771
7.168488 13.661812 43.430471 15.152972 139.451917 29.048232 88.807691
6.206674 13.077891 42.746919 7.413103 136.503653 40.950422 -119.828448
6.401896 13.249682 42.655511 14.609191 327.882873 31.115989 -98.442275
6.479087 13.360355 42.945997 6.958754 175.550019 33.675409 101.223411
6.645940 13.187519 42.978589 23.766425 160.272087 27.579738 128.927088
6.505021 12.934655 42.843135 11.802308 318.862178 50.627305 -64.510612
6.097158 13.083370 42.830505 14.942097 326.360538 57.792265 19.965030
6.369091 12.721876 42.997080 9.424434 169.749261 42.327095 -51.474969
6.420516 13.247651 42.822422 8.693703 314.550760 51.951863 62.199866
6.379137 13.176945 42.815514 11.238082 140.860913 42.353222 -121.121974
6.397432 13.205166 42.834871 7.990456 141.710421 38.974574 105.257619
6.267114 13.116079 42.840993 10.954571 280.857262 37.387695 -54.021463
6.747232 13.178152 42.753908 6.377392 173.710327 26.339554 100.608467
6.892061 12.911348 43.163926 10.776474 124.487218 89.122302 176.696242
6.743529 13.048372 42.776142 10.278234 325.710674 63.925336 39.562570
6.546164 13.106905 42.814419 15.962900 223.006402 42.838551 -12.366112
6.858840 12.887674 42.748880 16.926955 193.917002 46.734168 152.078194
6.526298 13.391989 42.898515 9.598589 147.113807 21.530635 103.745493
6.448947 12.952229 42.788790 8.592201 56.186225 51.051625 -73.451610
6.706685 13.134797 43.002854 5.266057 127.902966 81.552971 -159.845752
5.832907 13.049337 42.839386 10.664922 352.315310 62.606098 -66.803639
6.061230 13.093836 42.859642 14.350939 178.918259 42.676864 -109.062098
6.651323 12.967422 42.679456 6.862047 343.636823 23.111147 -132.590099
6.340867 13.062358 42.902701 9.813466 143.977711 31.260648 76.457752
6.370410 12.991990 42.900982 10.029220 142.157958 49.116461 -83.323062
6.417518 13.128455 42.837110 15.903542 167.074139 29.403124 47.445151
6.110603 13.155051 42.800873 9.868638 76.756241 41.462221 106.937490
6.354691 13.151269 42.911214 13.849626 172.480289 38.544742 101.349571
6.619753 13.037271 42.948225 16.281062 349.259445 74.180407 171.400443
6.425127 13.003048 42.861339 4.237166 345.126818 33.519983 -103.878664
6.418090 12.946715 42.802845 13.289098 106.990218 59.758694 -62.149818
6.992020 13.278980 42.848656 7.232248 163.285395 43.992384 43.285351
6.446472 13.188098 42.644428 3.977138 2.633944 64.197982 -99.129154
6.763830 12.803186 42.640883 19.858620 225.048332 26.188210 -88.225142
6.235256 13.305272 42.905406 17.018308 139.035680 38.262547 59.773113
6.677369 13.249883 42.887590 2.984444 169.055229 25.852687 113.677025
6.722260 12.866626 42.929468 18.776179 91.728122 26.691447 -83.629768
7.094594 13.169730 42.959893 4.271833 156.848754 28.523559 116.941492
6.971889 13.262111 43.159249 16.241220 181.979827 64.334057 -117.371263
6.601996 13.219651 42.812391 9.922742 154.488123 21.242461 87.161996
6.676998 13.001979 42.868620 11.256370 101.316355 55.429778 -87.747184
7.205979 14.009910 42.517980 19.555766 115.518701 31.346029 94.871211
6.622262 12.699756 42.804536 5.479184 345.782477 37.738743 -68.873099
6.713481 13.092137 42.958645 12.394744 158.887485 21.772844 -109.460806
6.927184 13.223553 42.796923 10.156553 166.829018 24.492392 110.044993
6.215474 13.133615 42.692652 12.844343 156.535688 37.509083 85.027893
6.464729 13.280698 42.823778 17.754853 162.229617 29.528971 85.953903
6.444277 12.793430 42.765022 13.823784 344.207022 37.287560 -68.567094
6.799795 13.157309 43.055743 12.210516 75.649168 88.583451 5.581006
6.084840 13.073478 42.940439 12.414743 157.930965 26.504379 76.214921
6.659816 12.997732 42.725513 18.770425 298.642946 41.409207 82.519455
6.068026 13.158432 42.739837 10.428600 93.924721 83.165548 -43.921791
6.515611 12.803274 42.867175 3.031031 126.785105 29.173655 -109.220269
6.033600 13.037762 42.866223 8.657962 310.822811 66.671324 -109.988535
6.919987 13.125142 42.529340 15.315190 92.037836 52.517658 -133.799198
6.825839 12.929649 42.868534 12.517518 159.758976 55.091441 -102.743221
7.023025 12.708705 42.742121 16.169423 339.219834 31.433455 -105.080422
6.906049 13.683660 43.143713 8.485104 148.690533 45.242099 121.825711
5.318157 13.099953 42.846186 11.158235 176.956168 56.907108 -131.470988
6.318525 13.142501 42.746076 10.372777 153.472604 37.439728 98.093355
6.458224 13.216530 42.709196 14.313344 335.599102 64.251105 -122.202507
6.512995 12.969388 42.786197 19.340473 169.216053 66.989363 -100.679677
6.699451 13.338224 42.852392 22.068992 161.893015 89.825144 62.721058
6.240081 13.058358 42.863147 8.135332 328.965891 24.601187 -99.422414
6.813433 13.165668 42.716689 7.017589 167.898482 37.188814 132.640014
7.135732 12.930729 43.080099 17.584295 313.805300 27.141705 -81.350859
6.325532 13.050340 42.802999 10.175701 176.933779 50.663929 -94.021490
6.254522 13.258205 42.809413 3.107392 103.477497 41.021954 -114.945579
6.066068 13.191587 42.742393 5.988155 173.436072 24.119668 -57.768133
6.894909 13.076073 43.048711 11.154824 171.148995 28.547153 127.646740
6.399279 13.000876 42.894132 7.979669 143.512178 24.024240 -110.481787
6.137315 13.003637 42.820833 8.772889 135.628946 57.504214 -60.663697
6.536818 13.133073 42.948854 16.082156 162.255797 25.214966 125.644773
6.227605 13.260214 42.760058 9.633600 101.784632 32.957802 91.597209
6.046893 13.105032 42.921429 8.406051 158.408510 30.213691 51.667699
6.441668 13.182540 43.010652 3.793875 144.267488 34.344872 57.620058
6.380593 12.910129 42.791606 3.459795 356.978882 57.120165 -79.222030
6.097747 13.230713 42.794468 4.502508 145.656790 33.797827 132.478014
6.151801 13.115240 42.846500 8.136835 172.762048 24.735354 86.043721
6.268413 13.160575 42.838537 8.622858 175.251321 47.536101 -133.119963
6.867570 12.779758 42.721629 3.895307 315.535522 30.816983 -94.856473
6.901983 13.223996 42.841161 13.603609 137.182931 24.732256 120.735631
6.378255 12.977566 42.822358 15.316689 40.797501 50.479643 -83.157353
6.373654 13.198254 42.665270 7.310202 101.197886 47.390568 -49.940282
6.593307 13.212527 42.670331 8.036751 163.489919 31.116461 133.786465
6.293697 13.040047 42.742581 8.705771 260.268426 54.178780 56.456582
6.324638 13.093697 42.942112 4.299324 111.850660 30.500667 -117.291112
6.647586 13.322177 42.879282 11.865198 33.691165 37.541537 -88.929622
6.456052 13.119229 42.741361 5.172715 160.852956 35.476824 124.473048
6.406162 13.230189 42.965047 8.449615 271.134888 48.112766 -60.634255
6.748794 13.142232 43.049934 11.033246 140.700147 45.700383 -100.177735
6.520834 13.093797 42.771538 3.960879 20.113213 43.945811 -132.054621
6.994494 13.132452 42.984110 5.255010 139.298170 44.965191 -92.261609
6.090720 13.109497 42.782624 11.382035 108.176955 58.807119 -102.085431
6.536850 12.893795 42.940229 12.988639 303.906820 47.716459 98.131969
6.978439 12.669212 42.974169 12.546265 324.552232 38.110238 -98.052085
6.499562 13.065864 42.830618 12.629552 90.226445 55.355178 98.826191
6.675548 12.887347 42.745878 14.491724 178.388559 52.298252 -131.434467
5.981530 13.055908 42.790858 9.017327 91.096169 48.158221 129.613126
6.782106 13.301898 42.813999 19.266653 123.092962 75.754470 -42.130963
6.465831 13.388859 42.728740 6.203639 162.593124 88.224314 6.752469
6.532523 13.241450 42.964207 16.283397 347.516122 72.741686 -23.772919
6.391848 13.143062 42.965550 8.227375 138.044323 59.249043 -123.465762
6.477154 13.252527 42.980997 10.006730 157.283477 33.768553 99.788441
6.251599 13.162997 42.801967 16.776594 323.458902 66.805879 -86.635283
7.205207 12.539099 42.608141 13.629954 353.985252 35.862885 -77.463646
6.739127 13.044260 42.586196 13.357960 329.699731 50.790796 -141.810238
6.896380 13.161310 42.843665 24.823757 234.426707 41.018416 -70.021041
6.158336 13.052497 42.807778 10.210954 323.472594 43.691016 -36.429925
5.755489 13.046235 42.879397 7.210724 138.841471 28.437681 120.726067
6.500641 13.382211 42.719164 8.780012 332.082264 36.234171 65.822374
6.769425 12.945178 43.036136 17.807943 313.614114 49.335287 -143.479242
6.818403 13.252356 42.685335 8.626475 146.641230 44.237943 -116.537459
6.080629 13.104970 42.883339 9.871833 167.642834 37.493356 -101.543128
7.030668 13.404118 42.618887 28.226652 68.786581 37.026279 78.875002
6.423972 12.990391 42.772198 6.322396 111.583948 72.113520 -171.456220
6.540628 13.019895 42.891892 16.430986 175.213724 51.421208 -119.367810
6.048171 13.083583 42.947643 5.148994 136.684756 48.765298 -90.918747
6.298325 12.681938 42.711614 21.685915 128.704131 57.328290 -73.596667
6.380159 13.193617 42.784938 7.497882 166.027706 58.606162 90.046337
6.721846 13.211667 42.976007 14.458505 135.736778 34.908722 62.230593
6.816108 13.061607 42.874306 5.536160 323.638102 34.301596 -125.710360
6.511616 13.180427 42.885914 5.279855 101.760662 24.236624 -136.210858
6.356902 13.178281 42.717031 7.467757 3.954304 61.774551 -99.950166
6.599785 13.284292 42.859336 14.565002 241.336903 65.884378 -174.985849
6.386836 13.216810 42.730700 5.888024 173.106308 30.188253 103.738296
6.093186 13.069898 42.792224 8.633135 136.592821 52.303111 -116.382440
6.670557 13.319714 42.935269 7.245933 245.722824 48.569800 71.261128
6.037727 12.825759 42.705695 9.661044 320.264606 35.322312 -102.357065
6.455069 13.132323 42.752190 15.071617 24.962761 34.361762 -56.900651
6.516569 13.232209 42.890773 15.017492 62.943952 50.738958 -164.264253
6.370485 13.401497 42.866509 24.622494 140.680320 26.359213 120.532850
6.377341 13.221768 42.864476 6.715990 175.367936 28.365633 80.982664
6.086416 13.018279 42.844131 7.842638 160.639425 47.462998 -73.718595
6.778111 13.110270 42.732531 11.783507 357.381935 46.042784 -54.485912
6.447696 13.078643 42.858442 2.895131 249.363779 26.166179 146.351814
5.990667 13.119858 42.868510 6.867217 331.911185 42.552663 24.344783
6.465908 12.924760 43.001055 17.453104 134.682672 76.864058 -160.029199
6.769358 12.858255 42.553505 13.097831 328.624792 31.674368 -77.866152
6.603317 13.156773 42.915824 6.932719 135.766755 37.150585 86.650123
6.315079 13.163688 42.799798 13.519349 166.809467 59.068636 -47.185251
6.487256 13.194051 42.782957 6.798948 156.916459 33.472602 59.397811
6.440034 13.141394 42.827580 4.980090 140.165922 23.323961 67.373790
6.482599 13.131946 42.812997 4.860572 137.013956 56.242303 -121.603012
6.798805 13.060942 42.767030 9.120638 99.499742 57.852621 103.363699
6.312957 13.200535 42.809667 6.143242 176.351202 42.440456 -134.475451
5.981770 13.107804 42.692134 10.617513 155.359820 37.879452 46.215111
6.183016 13.166315 42.867097 6.974308 176.098950 32.089055 84.374370
6.075021 13.059855 42.798120 7.834946 344.589587 50.669282 -100.955395
6.665897 13.412496 42.756297 14.891740 166.528845 36.771740 94.168185
6.297230 12.986834 42.829894 4.758366 338.284801 35.389850 -112.503682
6.818109 12.704490 43.060941 9.084828 135.029388 56.110031 -80.623389
7.034280 12.957178 42.809774 15.646945 124.635338 35.220392 74.170782
6.604779 13.318643 42.871240 10.132195 146.844288 41.278525 -125.826695
6.466803 13.084420 42.702915 16.104571 206.193650 57.079761 -115.492602
6.540458 13.108357 42.926025 13.555142 171.937462 55.397424 -81.894518
6.015923 13.053209 42.819532 10.062919 289.875553 45.366087 -115.558721
6.198006 13.080142 42.866880 11.789328 148.824699 56.988816 -61.506520
7.132036 13.393843 43.286390 10.149818 96.222523 77.641070 -159.636953
6.620306 13.250153 42.896588 19.188263 198.302805 33.102131 95.385630
6.821543 13.202034 42.843801 13.754401 162.892169 27.370929 71.514093
6.572460 12.884704 42.712290 8.672008 160.485786 51.286212 -63.284842
5.950134 13.160402 42.847284 14.507580 147.380133 39.872446 125.716852
6.447574 13.273113 42.706446 14.744241 143.898757 44.038233 -63.543088
6.234195 13.249441 42.793992 15.494050 140.630291 35.090400 66.770623
6.505811 13.507157 42.741242 8.319452 8.167062 25.738360 79.229841
6.584958 13.113075 43.134846 14.348781 176.131568 26.650381 88.993477
6.459075 13.186292 42.714608 9.501407 158.427681 24.824431 57.115300
6.209737 13.291895 42.815152 14.660029 167.925556 45.174580 -58.371306
6.344728 13.042092 42.808035 16.118087 234.161817 23.946043 115.170385
6.626040 12.931130 42.819023 6.702276 180.286382 53.578888 19.098075
6.908273 13.050043 42.757607 16.946634 330.997309 52.428549 126.073724
6.771504 13.177812 42.768835 16.787657 143.923636 21.659346 123.916192
6.766549 13.172891 42.579840 15.182796 168.962982 74.458258 174.472715
6.504507 13.197088 43.039747 4.437860 164.102762 37.165498 121.148355
6.200036 13.144157 42.764947 6.848472 40.375558 51.755755 60.521871
6.359952 13.044247 42.964828 11.072947 207.571739 55.381738 50.852607
7.059569 12.841025 42.789050 14.379783 95.533838 50.728698 -95.303923
6.154471 12.942895 42.831074 14.602132 174.903494 58.866174 -126.568954
7.024753 12.564651 42.467524 15.621718 166.063462 35.372772 -125.773034
6.083369 13.167785 42.841992 8.521934 137.211612 26.509953 96.503671
6.924539 12.785252 42.614762 21.843484 38.578390 50.704595 52.700505
6.786147 12.962214 42.984693 10.399764 336.717912 57.427491 -110.253915
6.691719 13.027290 42.902102 13.956608 147.563841 64.184319 -96.153429
6.747911 12.748690 42.921593 5.291551 55.258351 65.234961 162.608226
6.370955 13.189547 42.831748 7.816889 172.614505 35.032899 126.009769
6.242374 13.135880 42.781036 12.603810 179.344824 29.753144 51.548115
6.061647 13.104682 42.828507 10.258798 150.461264 45.583624 -110.296255
6.511982 13.422281 42.720735 11.370172 155.484437 20.718758 70.070803
6.498816 13.218150 42.792217 7.379662 58.052344 55.457548 45.928766
6.389940 13.209995 42.775226 7.516219 90.507367 45.171827 -92.889349
6.482256 13.354702 42.756069 12.038221 176.896040 36.947131 58.133281
6.028265 13.202882 42.773860 9.584752 92.011775 52.166542 -108.847348
6.238169 13.254074 42.743282 11.347048 169.559751 32.031804 106.456070
6.565437 13.434268 42.772573 11.238303 169.713256 28.245874 52.010293
6.969168 13.251277 43.104786 9.986509 175.154162 33.133110 124.547751
6.390825 13.135415 42.566918 12.498579 172.890558 56.852220 -101.273682
6.462436 13.010703 42.739281 14.271255 318.081221 77.534446 -78.738342
6.214703 13.062501 42.834726 8.908591 325.738383 71.133853 -92.530400
6.187312 12.855944 42.978251 10.127245 175.491542 40.526376 -92.532701
6.587933 13.026366 42.870826 13.124317 355.874631 22.828976 -93.056641
6.765676 13.031849 43.011378 7.949232 296.136719 47.493697 66.107148
7.018151 13.422616 42.481246 18.868678 108.442328 70.052100 149.257544
6.058269 13.134739 42.863566 7.429194 134.626969 86.961502 -34.755752
6.719834 13.019018 42.971805 11.755406 52.573162 47.681677 -59.213247
7.131697 13.066537 42.712570 7.994396 159.774738 83.834530 -44.743645
5.624642 13.061028 42.863608 10.377080 152.344272 51.403670 -92.764594
6.727618 13.540043 42.809941 4.219740 76.422301 40.821340 143.027956
6.842903 13.161810 42.961697 24.617159 120.282878 29.997304 -26.091724
6.258686 13.360239 42.774140 3.978821 344.827470 59.818769 -103.513061
6.189130 13.191077 42.744166 6.100655 136.577099 38.442951 67.893836
7.156921 12.393745 42.933886 9.933483 340.369769 36.554386 -59.618486
5.983570 13.124051 42.739541 9.713929 140.804776 55.794014 -95.158939
6.470618 13.436267 42.822833 10.011323 24.257605 13.663727 -44.253898
6.169969 13.062679 42.828378 4.737912 167.842086 43.362812 -147.025175
6.034793 13.040420 42.746732 13.189356 299.069774 59.492863 -105.903924
6.004559 13.069996 42.930038 7.128172 171.817039 53.467490 -104.613255
6.969849 12.990699 42.495846 7.765534 356.212997 32.941237 -45.331619
6.228829 13.185795 42.855879 14.158197 87.229186 50.292569 -136.081748
6.871943 12.956587 42.767319 18.002425 354.898104 32.993851 -55.719975
6.865579 13.741955 42.800513 12.181284 169.926290 58.652697 61.258695
6.005927 13.039819 42.819238 8.320015 92.430614 41.420367 -122.330424
6.482959 13.303571 42.832660 8.447588 166.283315 36.099085 120.318189
6.814454 13.313858 42.959177 17.213665 156.128264 24.238085 59.838927
6.249844 13.256724 42.735469 9.726349 174.240363 32.397508 65.564791
7.116774 13.135675 42.980736 19.031022 169.061919 59.860550 -109.549379
6.740502 12.686240 43.065767 18.730432 339.247827 28.422494 -117.104073
6.572106 12.830105 42.923102 7.077400 98.532803 54.189916 -67.505748
6.379463 13.008674 43.046983 5.514287 157.340788 58.652367 -114.850712
5.740698 13.095537 42.879913 10.600455 169.262899 28.932441 133.886971
6.370781 13.067405 42.890398 9.029925 146.882562 45.508011 -79.053776
6.248002 12.954705 42.749875 9.547307 163.499015 41.170719 -92.805795
6.221118 13.211540 42.712565 7.085022 122.430945 43.868323 -70.481004
6.794974 12.968480 42.750428 11.787427 142.057439 52.646446 -72.896497
7.093123 13.136772 42.805849 6.569481 160.151868 33.306174 -76.225202
6.670311 13.133388 42.797132 25.186100 229.738416 36.687797 135.203957
6.433959 12.974956 42.768273 13.972406 321.683911 35.944224 -77.260805
6.373494 12.959163 42.852685 4.809895 16.376588 41.493692 -42.176408
7.025553 13.524486 42.821622 10.799013 146.091537 37.666857 83.263170
6.731801 13.299445 42.786098 11.399820 139.319354 60.640215 0.478971
6.503264 13.181979 42.725678 7.855976 148.919990 55.266448 134.839543
6.760071 13.135271 43.164279 8.077133 288.148852 79.297148 120.215769
6.388726 12.854895 42.905175 8.085189 177.863352 84.987774 10.068712
6.694606 13.150632 42.702679 12.205935 139.302959 29.131179 63.866641
6.223762 12.960316 42.698092 8.785172 340.560071 44.623162 -107.473291
6.673173 12.779549 42.893393 8.951043 5.869685 68.142098 -17.564386
6.434947 13.334321 42.679792 8.551479 41.694671 85.389120 9.674056
6.359359 13.124327 42.789400 3.125407 175.148987 47.147046 -86.559948
6.269848 12.919174 42.769517 7.917998 153.997130 72.212753 -70.071868
6.346647 13.118227 43.017397 16.082305 164.571743 26.322222 73.267445
6.527348 12.768411 42.876459 4.296237 19.891678 71.885607 -116.003529
6.881554 13.477045 42.754088 7.538894 164.844377 28.132697 78.387655
6.493189 13.056935 42.732764 5.548500 202.112555 44.068157 -142.860684
6.012048 13.011616 42.888814 12.106282 173.922283 44.385910 -126.739593
6.272683 12.987867 42.744796 6.676985 309.761696 49.499065 -88.526659
5.867290 13.060333 42.744728 5.921370 142.786126 51.257921 -117.154267
7.242747 13.128852 42.471426 7.594096 28.341981 56.550752 -58.954178
6.720401 13.016340 42.653586 14.113075 324.552566 33.799909 64.290416
6.833782 13.162917 42.674813 8.392227 154.971274 32.771242 103.870150
6.700544 12.912021 42.859668 7.944446 161.697719 59.452074 -50.991878
6.147270 13.091771 42.712100 19.693392 168.453230 43.956663 -55.295902
6.780002 13.035602 42.892221 12.678251 214.871129 37.744845 55.947335
6.557774 13.494599 42.844607 10.464908 304.152159 49.012411 -130.892398
6.708746 13.045827 42.805093 17.252048 332.543487 36.425555 -95.411258
6.146688 13.123008 42.801666 8.025441 287.833053 49.093087 -93.834632
6.573180 13.126330 43.129937 16.374077 172.853486 39.918596 104.650486
6.889914 12.966734 42.942411 17.674205 327.652415 74.584041 -47.127138
6.900896 13.358741 42.655606 7.360515 146.616493 32.573044 109.845424
6.633032 13.194772 42.783565 9.358001 122.734748 59.913852 -84.274633
6.647200 12.747713 42.832226 18.283342 358.436630 36.505082 -51.334820
6.295696 13.008006 42.704637 9.161730 26.877474 61.820663 119.462827
6.446697 13.303849 42.806989 5.954516 25.724505 38.202925 46.548089
6.942918 13.367382 42.716193 13.727583 157.178970 37.959112 99.316092
6.799219 13.212152 42.703795 7.987233 337.058622 52.423848 -60.265595
6.666149 13.122811 42.791170 11.194799 168.784182 36.356686 -83.752842
6.154692 13.213702 42.756087 3.351185 136.660462 25.997350 116.494738
6.671747 13.278442 42.676218 15.405627 143.530782 58.658739 -107.666388
6.233061 13.156077 42.805619 8.232537 173.727852 36.010406 58.268536
6.669045 12.900440 42.660192 18.027712 335.532022 23.234915 -105.203960
7.100603 13.105555 42.913712 22.096260 175.083265 27.818044 104.439655
6.407056 13.137149 42.826023 7.293574 32.770940 66.854040 24.478642
6.626383 13.200905 42.972153 9.494384 327.025735 61.427116 130.448235
5.718451 13.064247 42.833772 13.870798 340.814196 27.801714 -111.597410
6.027251 13.159571 42.838650 17.862078 165.994659 26.540888 92.928250
6.485882 12.917994 42.929056 14.630725 168.292821 32.567024 132.230852
6.818426 12.844131 42.734488 15.481732 346.305578 27.872115 -125.904617
6.125176 12.995866 42.842349 10.679186 338.868035 24.400603 -113.577879
6.778964 13.302154 42.916661 5.558694 171.593055 28.239137 79.516638
6.297266 13.428236 42.776573 15.022909 284.230832 77.312819 -138.426382
6.546834 12.935005 42.846585 14.240650 147.213252 53.341454 -99.206853
6.864441 13.259853 42.701572 22.785383 169.144519 51.338289 -131.995605
6.589179 13.010127 42.871894 5.953198 269.646283 36.077564 -66.226593
6.170352 13.155894 42.668892 7.083568 137.521955 59.797454 -62.652749
6.454804 12.996572 42.925019 8.046339 203.403245 41.621590 112.753604
6.501849 13.125953 42.892253 3.199531 128.744104 40.776301 107.631393
6.742256 13.033795 43.071048 12.084379 140.388889 47.528677 -58.521019
6.513597 12.923046 42.788999 5.726323 36.006961 74.601592 -5.397354
6.460783 13.293271 42.903083 6.914943 344.313230 57.971662 43.577101
6.265058 13.086651 42.880102 6.441732 292.856184 67.764159 162.284479
6.444013 13.279433 42.787684 9.342902 138.939175 49.712716 -48.819673
6.769539 12.737997 42.925529 22.771382 97.010958 35.245908 -118.171149
6.595543 12.960703 42.898950 18.823247 162.512104 39.510425 73.860684
6.429447 13.002818 42.634062 11.604734 85.866066 82.687306 136.491114
6.583735 12.924863 42.915968 9.966844 135.770266 52.461190 -52.354614
6.292051 13.310633 43.078722 16.008410 146.896155 36.288826 96.536779
6.572207 13.589573 43.001233 7.341882 129.820534 24.856465 103.995383
6.400562 13.102205 42.888004 11.120157 217.629252 18.617985 -28.291329
6.779404 13.589391 42.709846 5.588195 153.812806 38.603335 54.606797
6.607834 13.261758 42.792085 10.004664 139.828778 46.417768 -74.619082
6.648672 13.217579 43.022870 8.216851 137.911461 30.225746 112.891094
5.702590 13.115605 42.831294 8.314401 159.040185 26.583736 106.465019
6.749646 13.313474 42.789477 12.137421 2.005726 85.770093 -166.908204
6.658606 13.116124 42.997047 10.241733 289.783466 44.180550 -137.526514
6.190445 13.068587 42.892025 12.048299 211.998525 50.297547 48.485919
6.389177 13.178419 42.712373 12.031028 356.212777 22.644686 -129.226423
6.727699 12.957756 42.568379 9.742885 338.345804 23.716473 -63.582338
5.815228 13.168546 42.896734 4.790096 77.657154 50.383457 114.047755
6.182130 12.974165 42.822306 15.500251 336.768536 29.039499 -106.823627
6.272296 13.131647 42.941721 11.222362 254.293163 70.052902 -14.107456
6.513769 13.084091 42.480679 7.788852 168.156185 45.033334 -112.459410
6.591453 13.380901 42.792906 5.995520 141.772028 36.998713 123.470909
6.657449 13.197013 42.882944 4.899762 318.197964 75.475075 -111.751531
6.291074 13.344184 42.884377 14.010363 228.430702 31.859395 -77.843273
6.614262 12.713337 42.940831 9.308211 319.918976 25.209989 -97.566004
6.328727 13.240482 42.764562 8.996367 293.425292 78.621500 -79.015899
6.707807 12.950875 42.822329 7.302228 138.253245 44.419666 -69.553606
7.264186 13.158287 43.461243 11.454835 170.394419 34.906959 133.383473
5.934597 13.249443 42.864302 7.257968 352.004899 42.634031 -121.633016
6.715236 12.910968 42.793931 8.885192 138.386798 52.544817 -47.519582
6.464550 13.085920 42.874688 3.223594 254.900179 43.568591 -85.900053
6.391603 13.035688 42.885258 18.955263 123.618305 51.934381 -127.026368
6.346558 13.136186 42.822195 17.572745 24.960847 47.744427 78.896282
6.040613 13.037107 42.829205 12.331985 355.590030 29.354152 -49.483012
6.679947 13.114823 42.753004 11.780061 171.181746 63.974859 35.061876
6.658557 13.149420 42.911904 4.396681 143.650491 23.953623 109.321378
6.479200 13.132283 42.654153 17.520330 347.816852 50.120948 -66.613251
6.648832 13.072116 42.779494 7.993156 169.476554 33.380044 -60.789562
6.481470 12.942863 42.772850 7.848892 154.561013 55.732527 -52.977235
6.424169 13.104788 42.856864 11.781113 148.204457 47.938458 -123.225032
6.017321 13.023524 42.807159 9.323217 170.825388 50.994965 -45.737025
6.407606 13.287848 42.892701 20.106020 151.110006 36.922016 48.912855
6.705603 13.156917 42.956348 4.252357 136.273488 34.071435 104.235328
6.147057 12.925939 42.821867 6.334603 325.541101 27.370172 -97.936548
6.658723 13.052161 43.176375 9.269372 157.239354 84.379977 -27.983275
6.582281 12.895305 42.698702 17.214952 328.430731 59.132831 -86.796449
6.581197 13.105958 42.804546 7.626034 65.574706 87.899701 -6.564283
6.894482 13.532424 43.094266 12.835394 171.953088 55.759057 79.333648
6.330759 13.022987 42.862770 20.533013 329.592264 25.216579 -53.669887
6.929931 13.071546 42.468953 9.033393 171.665266 41.458619 -104.543079
6.400707 13.147422 42.813389 6.824113 116.567652 55.538860 125.093511
6.387845 13.049327 42.762030 6.856188 160.138495 42.536663 -71.206204
5.962961 13.103390 42.855555 11.821908 158.549382 41.179359 -56.662949
6.286640 13.130789 42.861681 9.574038 141.475289 31.126487 129.043202
6.851016 13.002133 42.722855 16.095036 331.741392 27.557744 -101.575046
6.133812 12.993226 42.768322 10.093136 235.419124 17.191559 -22.438336
6.740232 13.154917 43.068814 9.298714 241.415615 31.877953 108.820291
6.113866 13.123125 42.874058 12.120457 130.713179 83.802301 83.348857
6.979103 13.466143 43.004319 16.874426 163.435934 47.519149 113.703957
6.313964 13.142410 42.870244 10.211915 178.852150 24.177081 77.590134
6.662105 13.347478 42.667611 13.084572 43.172417 84.427005 158.993273
6.011914 13.091649 42.657109 12.429532 131.850462 63.180360 19.606382
6.724976 13.508592 43.107659 11.299160 168.082547 56.241820 102.040388
7.206986 12.833565 42.800559 8.530338 151.005680 54.309810 -64.928984
6.240039 13.060269 42.872979 6.479943 158.888454 58.410054 -129.325351
6.727111 13.221005 42.737423 16.513034 149.653581 52.126825 -67.284994
6.492124 13.122667 42.836641 13.648319 154.419675 53.033324 -120.486542
6.574738 13.281219 42.547436 11.568295 105.746031 25.889597 150.782870
6.576607 13.122343 42.829296 15.587842 160.310367 39.045308 117.224260
5.986896 13.179737 42.832404 12.938407 177.621450 52.471638 -130.316615
7.007675 12.882824 42.493853 18.949288 23.017906 20.525162 -130.488543
6.967538 13.071370 43.126635 27.353909 86.657690 81.960688 171.202551
6.378278 13.104184 42.920411 3.107347 160.895414 46.170211 -57.854957
6.760709 13.410455 42.837098 12.882136 54.520239 55.475272 62.018927
6.663969 12.980952 42.989008 4.355544 152.236936 53.440356 -91.789060
6.630899 13.512314 42.882283 11.446834 57.977365 58.772620 107.939087
6.885133 13.080575 43.138501 14.495188 154.000816 26.688654 73.169140
6.407018 13.202701 42.820260 10.701086 106.072196 59.314362 -121.346344
6.444855 13.167367 42.909608 7.940622 344.530264 25.240122 98.164353
6.336158 13.379723 42.828351 7.928893 179.883693 31.388600 107.872503
6.757107 13.449162 42.704443 10.931261 261.979999 43.893938 104.896181
6.869327 13.283784 42.853912 6.113674 9.053730 20.029122 80.627682
6.581729 13.190275 42.735981 19.466398 358.008088 51.759455 -117.261270
6.238939 12.971577 43.008039 5.016830 204.475585 73.260626 -138.832363
7.077967 12.742576 43.069089 10.224353 337.620127 21.737732 -61.938508
6.640993 13.131284 42.931415 6.508638 103.330142 75.949776 -93.383033
6.718192 12.969893 42.870102 15.837900 341.069237 44.991798 -57.684761
6.696078 12.904865 42.868489 21.885151 353.643337 35.852746 -90.943909
6.331498 13.109724 42.580914 21.221816 192.411402 47.928783 -81.795834
6.489484 12.943889 42.684343 3.233388 137.225530 42.273345 -74.875144
6.958420 12.857108 42.825956 4.627344 220.364760 39.009170 -144.507872
6.187434 13.001650 42.825391 10.600249 132.822179 71.237701 -85.869921
6.528170 13.026337 42.732788 7.573942 158.195391 51.701191 -82.493822
6.559846 13.155059 42.909720 8.030383 150.239996 29.168081 92.739692
6.143403 12.995942 42.891816 6.854747 28.679276 42.892706 -83.339462
6.362858 13.126100 42.707201 21.327400 288.963986 34.206275 -62.345044
6.346145 13.001045 42.850179 14.036665 199.571684 51.747674 91.925925
5.877890 13.070189 42.866325 14.684690 350.973730 43.697901 -29.219843
6.445920 13.143911 42.707458 15.386762 152.810365 44.433308 -105.615732
6.832997 13.090726 42.960033 13.608253 138.464659 47.996227 -94.034350
6.770737 12.772265 42.827281 9.276991 46.977958 11.208958 76.677538
6.783237 12.964925 42.840718 6.982292 179.678016 45.511421 -48.231914
6.642059 13.295362 42.755619 12.146133 156.584078 25.459879 -87.077113
6.240539 13.093862 42.872248 9.561260 168.107034 42.691596 -86.865062
5.973095 13.161124 42.778253 12.329102 164.196506 42.616908 -54.946074
6.591327 13.013872 42.806932 16.778298 355.957782 39.123725 -54.461282
6.506888 13.250910 42.900821 11.948700 41.465032 48.618816 -72.226515
6.591601 13.043793 42.761938 13.107588 186.176122 71.732245 -24.533363
6.607913 13.502219 43.021702 10.908319 122.380801 13.765561 72.198233
6.712472 13.096762 42.973154 9.191643 170.436721 87.172845 30.883039
6.512423 13.201338 43.066985 7.790361 160.740451 27.873338 93.420026
6.770081 13.227621 42.653848 6.137245 133.456845 65.801746 -166.944943
6.591212 13.046182 42.865301 9.818427 272.987822 33.590658 -149.440251
6.849079 13.192308 42.945551 9.487743 153.173077 21.544360 74.515581
6.306946 13.256400 42.899966 13.012113 150.063250 25.069694 118.047347
6.358427 13.053110 42.757957 5.807292 58.819787 34.910993 61.436160
6.448353 13.227735 42.820459 14.276359 162.353590 24.130331 85.009791
6.161991 13.098415 42.801371 13.684405 324.422657 48.222452 -125.316683
6.158479 13.150127 42.834700 8.134768 139.456503 20.780435 83.734293
6.653233 13.367782 42.870963 13.842163 141.656263 33.141652 81.461739
6.510518 13.059524 42.898490 7.996857 70.941922 31.630396 110.771598
6.853955 13.325815 42.579774 20.810625 161.636419 47.581368 -95.597147
6.766532 12.941653 42.782526 8.796323 46.164094 74.517315 -107.546719
6.481881 13.277379 42.874015 15.080472 171.335267 40.611781 -111.263104
6.387308 12.959895 42.916651 12.618223 158.781035 35.815688 57.182901
6.124822 13.150138 42.764209 9.353562 57.232615 54.308363 7.813825
6.886999 13.193697 42.849099 10.228026 347.297241 66.969655 -133.259374
6.544937 13.136362 42.808102 10.206514 245.788094 27.446037 -93.129776
6.738862 12.546537 42.828422 6.003185 320.813313 21.881768 -83.977630
6.357114 12.925070 42.875890 8.087444 207.097053 40.963357 90.700217
6.472112 13.236736 42.795378 15.997512 328.409673 55.819643 -75.554797
6.563565 13.238958 42.708712 10.566413 96.990088 43.063197 -114.677145
6.396086 13.125564 42.911255 9.137813 160.600472 55.829963 -131.200462
6.421563 13.258652 42.816120 17.127369 146.440899 25.022020 112.316823
6.900410 13.011465 42.904103 18.642534 167.459015 54.669307 -59.307784
6.951372 12.893447 42.804980 5.598861 357.770997 54.473662 -114.986214
6.094570 13.154055 42.835233 3.626053 137.488742 40.428202 -121.649388
6.660344 12.858818 43.046971 13.136037 161.953085 24.882037 98.738809
6.779417 13.712820 43.091285 18.503270 135.465543 56.360027 132.465607
6.422060 13.132122 42.633575 11.511117 132.619179 51.353956 -51.068794
6.340705 13.179903 42.829744 9.310318 163.785074 23.892697 61.479658
6.445416 13.066454 42.716716 11.289485 129.224356 40.449447 -125.467389
6.521064 13.061968 42.702647 12.767886 340.201926 37.820129 72.127632
6.725050 13.023981 42.647403 18.522378 355.250777 31.423598 -72.495022
6.682720 13.409440 42.745528 8.168039 142.048172 54.605107 -63.950407
6.508433 13.265659 42.818636 9.306261 113.804643 74.160835 -56.489951
5.928347 13.122004 42.875576 14.694460 170.163372 27.976536 101.808424
6.914261 12.814938 42.701721 12.302815 172.056217 40.631984 -63.544602
6.227591 12.997435 42.871891 12.776616 126.541291 38.804833 89.745523
6.351086 13.016295 42.918235 15.269899 157.238968 32.872296 113.799917
6.997331 12.749631 42.947447 11.365079 328.779483 31.234601 -65.699035
6.560933 13.087382 42.776591 9.665876 100.035777 31.612987 -128.671494
6.555502 13.062476 42.713162 17.794163 88.769642 12.133874 84.149241
6.258725 13.214616 42.729013 16.678777 295.935275 31.347042 -111.931304
6.475254 12.940055 42.654113 15.289886 213.464526 78.727415 -137.092945
6.463203 12.998850 42.785147 14.146724 105.855901 82.489959 145.328344
6.776782 13.141687 42.848058 19.710447 147.542989 47.088242 -71.104692
6.220155 12.931434 42.632650 6.368405 65.278734 71.835632 172.659197
6.649027 12.682234 42.884119 6.393251 132.548152 82.363014 -153.100598
6.605881 13.613783 42.789452 11.520590 59.342002 87.171194 40.779704
6.176289 13.070881 42.781173 14.119363 144.316470 55.174361 -118.628371
6.515999 13.435453 42.819311 9.398089 304.442121 69.724451 -174.242964
6.420072 12.985983 42.813137 8.085560 336.408490 22.010024 -105.106196
6.655949 13.185708 42.654034 11.188319 148.104467 51.267040 -72.698836
6.494078 13.089490 42.835888 5.645164 224.519069 52.585032 -109.593308
6.510771 13.282712 42.806404 13.722223 165.700716 36.010122 94.162460
6.612521 13.185715 42.822966 10.288859 304.394405 74.591581 161.754113
6.809038 12.984639 43.043242 13.719652 188.229767 70.963101 -4.231775
6.203519 13.007511 42.899082 3.033843 57.403844 58.364956 -128.813174
5.990785 13.190434 42.819886 11.088065 312.078765 47.197848 -94.207650
6.629665 13.285829 42.592588 3.811229 168.667963 46.096999 -90.565322
6.481001 13.305358 42.750093 8.674693 252.247564 50.725812 88.870353
7.037602 12.978936 42.939341 16.343972 290.554437 43.345670 -110.364947
5.895055 13.006065 42.833081 16.106134 143.761595 49.953003 -126.717525
6.490966 13.200268 42.892395 16.209040 19.649887 61.058518 4.222381
5.976926 13.136914 42.872046 11.178172 309.401264 43.211581 102.350529
6.178458 13.006288 42.869420 15.889978 280.569551 55.826892 -100.439382
6.497691 13.142990 42.949650 14.349554 357.688648 21.010642 -108.089861
6.914662 13.108568 42.496730 4.798878 141.751686 44.531297 -66.631258
6.654460 13.158928 42.919754 20.941637 58.767784 44.975347 -85.098126
6.740373 13.113678 42.875120 3.164265 139.421480 29.119845 70.339741
6.235078 13.304919 42.998031 16.434973 141.053901 30.520948 76.360006
6.814000 13.292930 43.117432 5.891570 164.112163 29.616191 -168.831497
6.928295 12.835615 42.727209 15.667097 293.053629 32.328137 -79.454288
6.567680 12.863324 43.140458 7.391813 135.297442 50.523482 -105.867558
6.657853 13.090699 43.094519 6.380130 156.310540 43.320242 -92.261064
7.049049 12.934773 42.895365 16.642747 141.232263 58.100194 -81.763854
6.471984 12.952225 42.910244 8.120190 176.001879 40.342076 -93.233574
6.902452 12.888508 42.730991 8.131792 98.210786 51.354439 133.720828
5.959528 13.178969 42.869770 16.966473 152.442226 23.528012 52.395713
6.652709 13.102666 42.759689 15.468094 28.124082 21.964261 -170.133075
6.234079 13.248455 42.830062 15.361876 94.146248 57.606120 -109.878313
6.291398 12.976445 42.800258 15.881440 121.245509 20.642562 -103.579372
6.500510 13.133194 42.914005 12.943991 135.875352 59.424295 -88.370590
5.830503 12.979484 42.873819 8.749223 149.107553 54.746995 -61.816697
6.334670 13.188574 42.782523 6.604274 171.093747 21.769972 114.642294
6.798172 12.548250 42.733457 6.262118 192.714201 49.051071 -50.166747
6.349234 13.340230 42.840951 5.573400 134.455122 50.537760 82.305856
6.191094 13.063029 42.692584 14.534107 347.213376 42.656569 -131.068575
6.225491 13.236350 42.728520 9.076455 293.699539 42.156739 -89.917995
6.652399 12.906496 42.811401 7.405898 202.106734 48.440190 101.088625
6.025205 13.276692 42.858926 9.572756 156.466534 38.149895 65.239601
5.997759 13.256777 42.941704 6.644826 355.270857 70.203091 -165.048512
6.564201 13.319649 42.940462 8.098408 175.629485 27.759366 95.020757
6.520333 12.998668 42.780737 15.529786 207.475008 56.628413 76.273556
6.604110 13.350656 42.829573 8.189043 166.029961 51.207495 -134.531917
6.387979 13.151887 42.903340 9.200588 291.504087 44.033380 34.247445
6.356895 13.319005 42.725624 15.895357 51.932142 88.525618 -10.457907
6.510146 13.138778 42.772715 11.251492 113.213973 66.243748 126.246939
6.267008 13.064585 42.867117 11.551724 104.451164 43.749140 -85.086145
6.534231 13.064535 42.890474 10.954970 348.862578 77.670842 56.794944
6.526769 12.896562 42.775826 11.959928 55.925533 38.306755 -127.444905
5.932770 13.120246 42.840522 7.892916 358.799267 52.282433 -133.051154
6.342271 13.128019 42.764997 4.608270 174.386084 37.143201 75.297425
6.768668 12.988711 42.947404 9.839764 96.441048 45.304429 -63.688862
6.700001 13.568231 42.861489 5.133359 33.663759 40.811998 -102.972310
6.625348 12.904545 43.009709 4.140942 158.921679 44.020974 -116.226179
7.251790 13.043364 42.640407 8.252894 334.106130 37.440487 -115.528334
6.455728 13.046836 42.845208 10.920169 137.185087 56.158687 -71.416335
6.835795 13.165087 42.656579 4.993317 131.128091 53.829412 -80.434389
5.787131 13.147183 42.819651 13.898638 290.141820 40.664005 97.756379
6.549782 13.248313 42.616330 5.422684 357.963572 70.045791 -87.285589
7.081356 13.312409 42.440381 6.173004 96.617846 52.018899 -93.285013
6.947608 13.234905 42.928629 5.602333 119.210358 54.885052 -85.336665
6.566270 13.052532 42.503318 13.517746 348.596263 25.755737 -64.524009
6.232269 12.976347 42.834100 14.416468 354.638974 29.379222 -132.033289
6.116851 13.098264 42.988760 7.839838 159.824286 47.018707 -133.277932
6.087621 12.975388 42.870437 12.525425 358.968249 30.387233 -140.246188
6.640938 12.820944 42.986424 5.149127 98.860873 41.150727 -120.083308
5.949061 13.211005 42.861176 8.479027 176.356332 22.208193 74.460173
6.706549 12.922863 42.910809 11.731176 95.481279 41.113273 -67.762167
6.295133 13.345450 42.907562 17.123779 149.425432 20.252094 114.717989
6.565999 13.216416 42.685549 7.491918 113.984467 50.704189 -123.054522
6.938292 12.630299 43.157581 7.874008 145.344504 59.384584 -50.129851
6.552151 13.096048 42.683595 12.194121 288.318053 38.134175 -80.706952
6.631725 13.006714 42.709497 14.992880 214.467566 72.019115 35.363826
6.281113 13.104959 42.807389 12.118512 178.155382 41.983425 -79.240896
6.005246 13.093612 42.870241 6.705561 179.039259 46.208203 -127.786830
6.699361 13.140418 42.827079 7.215023 115.109137 44.691481 153.437853
6.545855 13.214503 42.778509 6.990411 176.362546 26.430469 115.791015
7.090015 13.180880 42.853223 13.651291 154.570239 23.373105 52.455627
6.381830 13.151107 42.669053 7.045525 149.345111 31.513269 56.477964
6.855059 13.196582 42.968956 15.957927 158.765380 38.717959 51.767301
6.319797 13.147441 42.891422 11.095693 138.765476 50.013361 131.125785
6.531557 13.296813 42.847442 16.207274 186.188478 54.839912 -4.304131
6.288041 13.118487 42.862703 11.723634 82.303391 78.081642 152.409246
6.315497 12.927412 42.911497 7.967587 355.959384 44.466308 -113.339580
6.403511 13.099129 42.816243 16.706577 137.693528 50.810013 -133.959223
6.267534 13.232158 42.756720 14.327390 152.798198 52.830882 -79.478662
6.659637 13.012738 43.045977 14.236825 154.214279 46.194182 -60.291661
6.282599 13.184705 42.836495 7.306803 182.707852 22.564882 81.661887
7.056272 13.403923 42.875511 22.182324 137.030223 33.643582 69.946552
6.619825 13.246004 42.883627 17.417594 176.090406 28.492113 90.548855
6.468599 13.098328 42.812058 5.993841 349.248421 30.347487 -132.748050
6.086837 13.104535 42.777111 7.775502 102.858204 55.329942 -121.507352
6.359002 12.947089 42.829720 18.176251 167.652300 59.456654 -53.761068
6.808362 13.189761 42.724694 19.766394 332.830840 27.971317 22.296111
6.363027 13.138485 42.792042 7.046084 280.615105 61.666639 -126.963654
6.187867 13.170800 42.731666 2.695792 9.527682 46.286172 73.763605
6.562407 13.084138 42.693997 4.451292 88.002524 19.680099 -133.274846
6.353623 13.259999 42.792476 10.477440 317.553241 42.399891 -128.661593
6.497745 13.128103 42.822721 12.838401 142.696577 33.036469 93.239366
6.456435 13.041899 42.758633 11.847955 157.057896 67.846028 121.267290
6.853478 12.695252 43.054553 12.217771 351.975560 24.502734 -45.647829
6.353046 13.169091 42.900295 3.602957 156.774829 27.672160 125.571255
6.490194 12.789690 42.696889 12.621257 326.144947 25.735887 -97.544799
5.992553 13.018379 42.861011 9.614230 302.399661 49.817421 -119.789948
6.341034 13.231170 42.884868 9.998995 167.817554 29.105465 53.797514
6.604204 13.003690 42.597895 21.015836 340.482818 36.760887 131.547169
6.182377 13.076354 42.865226 16.245543 62.425804 21.954847 26.450953
6.538068 13.098987 42.616306 4.401672 351.272964 30.499395 -37.384494
6.439858 13.289044 42.868263 5.490324 342.283538 51.117651 -86.218485
6.665732 12.802858 42.683930 25.560911 315.967067 34.206386 -111.692328
6.678433 13.373289 43.017033 15.313262 143.961235 31.684833 99.333339
6.212831 13.048823 42.988401 11.578847 155.025231 42.903002 -101.688306
6.548313 13.010968 42.715796 15.852540 144.308009 51.879849 -50.521629
6.102793 13.122959 42.728510 4.994454 66.724912 52.390196 18.722995
6.383781 13.337175 42.914309 15.210393 154.661625 31.574308 113.249525
6.247817 12.834751 43.011868 7.611601 153.525826 43.647555 -94.502868
6.583646 13.458148 42.983741 9.842719 135.991339 56.085311 112.135545
6.850887 13.289975 42.703001 12.042275 207.324676 74.285835 -153.283550
6.237293 12.955181 42.784242 12.042103 140.777455 48.701211 -50.162113
6.734234 13.346636 42.891629 8.816678 148.148753 38.257439 125.488468
6.848396 13.076204 42.748378 14.283525 154.165295 54.476141 -126.440474
6.077418 13.148191 42.864383 4.753646 162.266859 32.651970 62.043727
6.115307 13.192663 42.937631 5.119640 145.079069 22.648973 104.916976
6.387563 13.192368 42.814895 9.805003 153.954466 27.904440 -46.818351
6.325649 13.150400 42.736791 5.144435 164.157790 36.280162 96.855767
6.917802 13.427651 42.898247 16.182519 151.543137 43.921715 124.503205
6.397055 13.323795 42.930058 12.748100 152.552538 20.116217 46.529234
6.840628 13.130914 43.062751 10.649341 137.672005 41.371155 -107.494937
6.212496 13.142874 42.874660 6.752352 110.262621 46.906180 -110.832605
6.690185 13.026340 42.857334 11.523519 145.653835 40.315882 -60.920785
6.660751 13.016100 43.000135 13.849027 359.931240 57.385432 -108.484416
5.978911 13.181292 42.853883 10.706013 160.388816 33.477091 57.630825
6.553575 13.494879 42.818767 6.794988 296.151491 50.672949 3.427854
6.657993 13.000744 42.628369 16.146818 313.002270 54.075585 133.047418
5.677902 13.123933 42.812047 9.782519 37.431115 81.773316 9.030133
6.481997 12.976551 42.657413 19.914942 104.680789 53.743695 -75.221506
6.793377 12.682840 42.526729 18.938548 16.674742 83.305167 14.870311
6.006191 12.994182 42.815620 5.935676 321.264528 35.167427 -108.654874
6.509357 13.315679 42.772070 9.531955 326.384093 59.092591 -153.415582
6.607609 13.038091 42.829970 6.228811 156.714851 44.064317 -86.373850
6.617637 13.048264 42.731225 9.809582 25.756074 37.692849 122.109197
6.905364 13.122429 42.736303 5.437514 156.715981 55.895123 -60.719275
6.975358 13.186758 42.805542 10.708750 161.811171 53.098285 -75.944214
6.206658 13.158662 42.805199 13.050261 201.209294 35.234782 40.501135
6.465563 12.975389 42.881379 6.696039 1.825455 22.248602 -96.023320
6.202216 13.129520 42.859452 13.197185 164.290718 42.281040 -66.132375
6.768203 12.976821 42.919715 9.149614 358.293366 50.922353 -46.221319
6.812662 13.192082 42.851588 8.039250 285.816062 74.604912 -65.905648
6.368156 13.141748 42.982656 11.368318 140.512065 22.776009 133.767595
7.291571 13.906692 42.766555 9.204472 71.818062 78.930669 71.452281
6.118983 13.092664 42.715502 13.638743 346.038479 75.361032 -3.701335
5.860527 12.956655 42.706808 16.265371 168.570245 43.566432 -53.867602
6.480675 13.016136 42.997304 7.704885 126.692392 85.407114 -148.788078
6.142634 12.933126 42.813049 4.678419 21.234617 72.653219 128.408146
6.224321 13.064031 42.674340 9.813453 332.861949 29.626686 -72.539236
5.992297 13.110115 42.805777 5.863748 184.992865 54.701143 -89.418161
6.577850 13.511123 42.789849 9.524977 157.241308 46.895073 152.397456
6.463706 13.029568 42.863191 13.520056 338.870653 39.680263 -51.586135
6.678144 13.070967 43.056535 7.502601 144.968645 49.403399 -49.634900
6.965713 12.788973 42.773971 9.819216 306.491232 32.292515 53.857104
6.131217 13.261279 42.833028 19.346706 95.361799 52.546057 -114.953088
6.525571 13.086125 42.928593 4.809754 179.097894 51.337009 -77.879635
5.987108 13.056187 42.726021 12.809161 91.155826 40.451260 -132.151162
6.979778 13.172745 43.089694 11.538625 147.842822 22.000287 104.493296
6.532838 13.249884 43.001887 8.771189 147.454137 33.213464 133.082855
6.412215 13.035944 42.695015 3.907054 327.680305 59.376758 115.891687
6.434085 12.815529 42.842056 8.645250 350.595824 26.790346 -65.581518
6.332702 13.201237 42.906450 6.692980 166.370480 29.813252 118.346048
6.687501 13.172331 42.809728 15.539371 159.114728 38.911469 89.554721
6.476391 13.201442 42.946923 4.336414 169.645367 28.724153 125.536176
6.932610 12.873387 42.773880 5.066349 268.680493 46.627682 -21.678961
6.824707 13.051948 42.998284 8.555066 143.704142 59.387882 -97.152538
6.466824 13.230769 42.893218 6.503333 167.556221 22.470635 72.381452
6.366745 13.076493 42.806506 9.510335 345.317185 33.096641 -59.286675
6.648861 12.854394 42.632396 8.367491 349.876989 29.457387 -73.999605
5.992010 13.104972 42.795568 6.640372 129.650382 69.924590 -145.540407
6.730186 13.287025 43.010444 15.285551 276.726415 32.458145 -83.264104
6.820854 13.240851 42.810856 12.073623 176.994362 36.150563 130.535024
6.168603 13.237932 42.715138 10.208100 145.260827 49.150766 -76.332860
6.345202 13.070904 42.882773 5.457251 319.585227 47.522030 -89.708110
6.760580 13.458000 42.493207 3.573737 176.400169 29.565662 114.426010
6.463948 13.322163 42.634571 14.804824 315.848539 46.216885 -91.658660
6.748738 13.340490 42.807061 16.004276 114.534056 48.595918 102.360871
6.743661 13.007203 42.983939 5.489506 154.602086 57.034608 -130.742830
6.586109 12.991533 42.879600 6.645411 60.455796 54.056372 -133.317750
6.615588 13.347618 42.741497 18.809841 179.015823 32.285112 125.046041
6.740784 13.308960 42.935739 6.302021 150.274022 24.347214 67.817892
6.653406 13.042539 42.716341 16.185315 173.196510 49.566051 84.431060
6.331374 13.006864 42.992286 11.791147 60.125797 89.259335 -31.103255
6.370739 13.337531 42.727604 19.518166 166.148380 28.862865 83.791821
6.531469 13.186466 42.741381 6.338781 152.107354 25.540218 124.069773
6.190968 13.244766 42.907908 15.188643 145.201469 33.276438 95.340779
6.773857 13.326489 42.977332 24.625962 311.511837 62.537193 -167.444595
5.970243 13.144751 42.817318 3.734067 282.496300 77.432116 -48.302349
6.555567 13.329739 42.771830 13.669092 153.164744 83.279470 -92.857174
6.839906 13.034786 42.641004 5.447848 352.137311 36.540675 -110.735308
6.608645 13.017913 42.689511 16.163494 179.906350 47.148106 -68.764678
6.307882 12.960192 42.886145 7.284673 173.598654 43.629376 -102.850740
6.858169 12.770341 42.431337 7.227680 131.864979 59.409126 -111.151283
6.969361 13.299339 43.046718 11.640545 114.104246 66.172686 -137.095608
6.396115 13.039890 42.882523 8.475418 65.237278 43.769389 -81.245343
6.549678 13.238582 42.787107 3.404787 230.051457 42.516111 -128.306172
6.676948 13.339387 42.872733 11.912714 46.279485 80.653159 23.378332
6.735871 13.174231 42.668501 19.981003 104.197993 43.884614 -86.157918
6.209129 13.267284 42.888817 10.630493 150.330074 30.087876 66.713212
6.913535 13.447203 42.693496 5.029541 344.810448 48.145940 69.755100
6.827394 12.863307 42.816853 19.560452 150.541433 67.837250 -109.960577
6.428128 13.266342 42.882618 9.758800 140.401423 22.309438 54.731563
6.016726 12.982146 42.815502 5.385180 148.884502 56.612823 -76.280551
6.620437 13.079452 42.918004 3.331575 175.590304 28.484479 63.737635
6.350580 13.012914 42.633364 4.081757 339.744409 33.596019 -118.532614
6.585911 13.439020 42.807114 7.838357 148.188183 31.436683 73.624999
6.103122 13.114612 42.836120 2.037590 42.533646 29.181493 62.738161
5.967495 13.135148 42.835903 12.338250 164.558374 30.512378 78.211909
6.343322 13.190706 42.897324 14.242514 155.984189 20.588495 107.021106
5.876840 13.035486 42.807899 11.306930 144.818806 54.219443 -78.135140
6.266937 13.112594 42.874904 14.997937 168.642927 26.402139 54.791004
6.480117 12.967847 42.781704 12.439132 227.180439 38.656503 96.997597
7.079983 13.296594 42.999666 13.430989 230.720735 57.736928 148.307337
6.016183 13.159388 42.889136 13.682301 163.849761 43.524755 -125.570720
6.300814 12.974974 42.674860 6.054931 323.639887 29.148650 -62.573221
6.603896 13.202755 42.717827 10.849967 157.353197 25.988369 124.482801
6.232059 13.101370 42.941657 7.025009 167.798161 26.245253 112.409414
6.540762 13.125818 42.784346 6.692867 144.846614 37.895259 52.714823
7.073317 12.943067 42.694893 6.509243 138.917197 57.914001 -134.563744
6.900512 13.316407 42.604425 9.906786 306.789906 52.693365 -122.151033
6.720659 13.429600 42.865318 5.239341 81.562882 59.298727 51.407253
6.313677 13.280924 42.671351 19.095472 138.872746 28.516117 85.992118
6.550552 13.061715 42.839759 5.611306 342.814030 47.274061 -128.057486
6.620761 13.215031 43.002586 9.975363 270.087174 40.999372 68.293279
6.742039 13.257693 42.711223 13.272796 172.588681 22.393510 128.950026
7.194980 12.956161 42.825778 13.447378 169.164234 34.664802 106.814761
6.884747 13.160043 42.847798 13.113451 164.388875 48.307397 -94.553008
6.134476 13.090579 42.785686 7.314273 150.040249 86.776016 177.162342
6.263771 13.179086 42.769391 6.632516 275.883218 20.151189 80.872412
6.455041 13.182602 42.954653 6.953199 119.727767 31.097137 134.065480
6.378251 13.102213 42.847123 12.844477 179.896828 45.105863 -125.507785
6.554173 13.003180 42.719632 16.770172 323.586249 25.536332 -76.626314
6.332329 12.975496 42.973629 12.847592 167.772689 44.280732 113.295002
6.114830 12.994529 42.701459 15.296723 125.942314 22.702459 -59.939192
6.108480 13.071772 42.776741 11.044547 149.139939 59.400542 -101.177298
6.111482 12.886381 42.817499 10.440149 230.448784 41.110256 -52.375330
6.361723 13.047211 42.737025 5.916124 299.989984 35.458994 -51.779853
6.801207 13.382548 42.580675 12.476165 91.760390 79.267821 149.214038
7.094072 12.961321 42.869002 11.167289 136.749152 21.382349 -125.321718
6.741069 13.195089 42.869865 14.276751 173.114556 59.120849 83.551038
6.399891 13.247929 43.072314 6.336366 162.154019 32.387153 48.652841
6.435163 12.913439 42.745385 8.697621 171.973881 57.484757 -56.418390
6.725046 12.930386 42.944183 12.603405 294.520402 78.154358 52.405230
6.283649 13.197032 42.810054 20.354294 306.051703 68.486916 171.760895
6.282924 13.060193 42.684001 7.400952 111.811480 54.242076 -55.090824
6.722422 13.001167 43.169892 18.426737 292.674322 14.926153 -126.056127
6.485544 13.124116 42.834801 23.680433 316.134151 35.280497 -108.938060
6.643560 13.272242 42.799812 15.488604 93.986015 31.753537 -86.018921
6.856787 12.895425 42.875780 4.421615 220.712450 42.467802 -47.929883
6.332366 13.082070 42.816485 11.159746 352.706605 35.802152 -91.189569
6.788451 13.489960 42.700837 9.106987 55.800750 53.339930 -134.649533
6.833987 13.093479 42.886053 10.073659 213.926829 17.765526 51.106863
6.945907 12.910507 43.334681 9.616700 206.132625 77.281639 -21.348421
6.594884 13.093973 43.019780 17.281803 162.391518 85.015819 61.905095
6.932297 13.495679 42.886689 5.191516 174.788349 39.180458 105.788283
6.640464 13.227814 42.788704 11.498905 168.872680 59.183655 -132.792489
7.093414 13.272346 42.770480 20.214538 177.608397 33.620878 62.377596
6.366607 13.242738 42.855854 15.732582 340.871215 70.107391 10.173220
6.256771 13.136832 42.856306 11.549134 100.467970 29.441182 -131.131785
6.296989 13.159633 43.117108 15.743129 319.182289 64.168154 -5.160687
6.766837 12.982553 42.651003 10.432814 353.525188 29.169443 -109.307171
6.644937 13.258484 42.830291 7.980262 329.634537 48.880531 -65.547542
6.355225 13.317617 42.661659 10.012071 347.609801 56.082792 -113.273480
5.956607 13.106464 42.835266 13.518397 327.464003 66.054415 -67.236144
6.789180 13.144978 42.591249 17.122934 113.562667 55.092758 100.307602
6.023470 12.975656 42.786969 9.947008 316.257341 34.290155 -55.168318
7.309470 13.331721 43.167214 13.761048 58.084693 77.233470 -45.327502
6.505151 13.265941 42.756574 5.113458 338.862811 20.253914 -110.591569
6.188880 13.044025 42.883650 11.858776 175.796266 54.635960 -133.564276
6.171627 13.174873 42.704745 1.975304 334.058153 25.058957 60.841292
6.602767 12.736115 42.873953 4.422499 318.606021 20.977341 -118.151058
6.641505 13.137826 42.868570 15.393159 156.925871 23.926893 119.164777
6.849498 12.755173 42.782681 7.058685 328.814451 35.064550 -97.192210
6.123052 13.196058 42.728497 5.209028 152.395002 47.902797 -124.322821
6.667070 13.223143 42.854311 6.150359 346.735708 69.495003 -114.717218
6.207910 13.092061 42.759725 7.599507 149.589701 52.619486 -84.806173
6.469304 13.260139 42.823046 10.868621 40.055582 48.505729 57.023892
6.481065 13.093093 42.624550 12.035846 216.898814 55.566728 102.856360
6.780257 13.172284 42.670202 9.152985 339.331394 35.808554 46.980412
6.831050 13.095416 42.645113 15.517108 271.766464 29.165952 -76.063309
6.501558 13.094340 43.027563 10.771329 357.962901 59.757876 -94.952226
6.404070 13.291293 42.678101 14.083274 224.271545 29.675436 115.328287
6.991421 13.176932 43.040500 16.088508 118.783847 21.386929 150.791119
6.905172 13.838403 42.568131 6.698556 109.061423 72.616629 160.366562
6.778025 13.248290 42.806484 6.527291 295.609518 63.593157 -3.526910
7.048116 13.589867 42.554129 15.838249 159.445189 33.337306 85.173400
6.734167 13.080655 42.739691 7.511876 319.798054 20.951265 -96.686123
5.971391 13.145546 42.853716 14.846779 131.225065 64.459161 -64.825599
6.130184 13.180934 43.011868 15.957792 178.089181 28.630946 104.572195
7.069959 13.369907 42.851067 13.531399 314.430633 47.755518 133.113079
6.345789 12.945185 42.853414 14.832684 337.773812 60.597158 -19.625708
6.408308 13.155835 42.711359 3.793375 339.234007 44.366900 -100.294896
5.902560 13.150729 42.777111 8.302882 151.769227 29.168500 93.939375
6.659011 13.063177 42.972579 11.187355 175.199543 56.358326 -113.655470
6.402506 13.185840 42.784255 7.928587 139.839129 27.172618 124.279845
6.386139 13.188408 42.701630 12.884494 179.201144 37.767728 95.804968
7.052374 13.570021 42.789553 17.582561 311.549628 59.502870 64.719069
6.778899 13.225586 42.784131 5.664026 158.855994 35.602778 85.789046
6.921152 13.186960 42.556681 7.143651 351.269341 52.366883 -109.725900
6.715120 12.736287 42.779423 4.380065 349.111028 39.064532 -100.346148
5.734044 13.078579 42.841667 8.461138 317.320410 27.178644 -104.968720
6.382964 13.328532 42.770893 14.931627 160.750702 37.813607 56.985255
6.947484 13.606052 42.720540 8.792076 138.540535 46.753128 -90.654376
6.432503 12.833729 42.723439 14.361857 146.538315 58.059010 -96.555539
6.559690 13.138287 42.717701 10.172585 160.641852 23.096822 54.351867
6.588051 13.042278 42.653092 5.300757 164.441939 48.483285 -128.473331
5.954997 13.146868 42.871842 11.565319 216.866707 20.587745 -101.704502
6.819719 13.080091 42.831904 8.580686 148.550355 52.510545 -57.272017
6.393780 13.190351 42.773899 5.925749 148.288291 29.900560 132.812038
6.445300 13.266991 42.918962 7.978983 104.597872 32.789926 -84.017917
6.663691 13.158353 42.843667 14.811353 167.864308 56.776083 -124.779252
6.542998 13.010486 42.805080 9.998587 135.028315 50.292351 -49.901177
6.779432 13.211210 42.812722 13.293894 99.075885 88.152045 -71.899492
6.130423 13.050976 42.811823 10.334306 329.532644 36.910722 -75.125656
6.763922 13.020278 42.477572 4.695008 326.942572 25.889823 -81.286678
6.977271 13.005940 43.014740 16.156219 165.442201 12.902326 87.626810
6.219088 13.182148 42.824378 12.462631 346.684039 52.218723 55.951227
6.711802 12.985950 42.861098 10.994607 179.485100 48.029266 -83.099520
7.049208 13.058130 43.023525 7.629683 309.400892 44.732405 -90.955219
6.476886 12.997036 42.744668 11.961700 108.914545 43.726754 93.943962
6.873928 13.045415 42.596195 9.205504 156.116925 23.591064 -46.986411
6.794354 13.125643 42.500468 6.836901 156.365884 47.708124 -110.909431
6.375595 13.264175 42.845533 3.632151 136.233403 64.667666 -79.524468
6.328696 13.177816 42.939112 16.089103 81.857405 69.870279 120.294647
6.578328 13.111101 42.900454 7.633894 75.786380 33.310779 -34.186164
6.189890 13.029015 42.825566 12.650256 128.098994 57.088296 -131.679181
6.575250 13.068519 42.773975 16.723540 38.948331 86.003725 -14.583360
6.497646 12.963558 42.813689 18.824366 276.931782 66.483694 -145.644044
6.955397 13.180623 42.601727 6.482527 305.046351 49.065600 -127.066216
6.697532 13.056676 43.038727 4.422655 146.027756 50.245638 -59.691132
6.291535 13.158995 42.786088 9.596687 137.416192 35.862640 104.767958
6.435670 13.001505 43.058090 6.661971 155.936413 29.831655 86.175282
6.398749 13.028398 42.836537 8.824014 358.289679 22.768444 -127.415042
6.299203 13.113348 42.819090 7.089902 59.298828 87.706755 176.450467
6.317907 13.048969 42.882614 3.743046 17.188363 84.314661 -30.001034
6.385527 12.949652 43.044151 17.285374 170.350185 47.027204 -101.014505
6.331262 13.202821 42.850377 13.289569 229.306152 51.956038 58.174058
6.877428 13.060458 42.954945 9.769760 250.615706 37.880028 111.896133
6.875809 13.088689 42.740668 26.779046 351.924217 34.968989 -76.381059
6.947054 13.469025 42.709521 6.615510 173.759394 20.491606 58.986942
5.750511 13.063493 42.867373 9.580966 137.999373 44.026400 -75.724056
6.236237 13.053576 42.914538 6.206888 158.787503 55.396668 -53.208906
6.588309 12.906665 42.799443 9.732858 167.236543 49.700288 -121.215025
6.912012 13.381583 42.852183 16.803550 162.509994 46.530371 -74.858936
6.711283 12.995328 42.863028 3.682805 332.138278 38.750553 -102.233419
6.965445 13.094406 42.733201 11.571126 15.779062 42.740237 -59.950486
6.641209 13.079330 42.861440 4.152678 162.942565 44.306816 -89.664749
6.253374 12.965673 42.787112 12.757590 19.134413 79.375228 139.203104
6.958566 13.616758 42.714045 5.164984 167.542308 30.699235 130.447762
6.635527 13.483751 42.927552 12.800256 140.540652 55.081300 121.071074
6.801452 13.104737 42.699815 12.177311 146.814228 57.070633 -79.452762
6.780079 13.192266 42.871811 15.300428 163.019453 28.948350 80.284695
6.188623 13.188795 42.931027 8.487321 127.182562 78.688556 -101.011842
6.255098 13.041880 42.841995 6.841136 181.251207 42.395039 112.990642
6.289234 13.049555 42.788245 13.270084 250.458164 11.650061 20.092471
6.803632 13.009123 42.862961 12.212992 186.637940 48.296124 59.721724
6.589662 13.015895 42.951431 4.184472 334.485460 58.720450 -50.772597
6.194958 13.158448 42.922050 4.412397 151.687716 33.053841 67.693877
6.078844 13.088409 42.783722 12.374715 161.336578 50.167685 -77.605651
6.634689 13.241848 42.722492 8.456133 171.860405 22.750602 56.980039
6.346696 13.287858 42.888086 17.743138 170.969054 81.028714 124.144463
6.391704 13.114774 42.702266 8.407892 179.812412 29.116199 114.030335
6.756019 13.246201 43.008161 11.918270 155.988284 38.990999 85.265347
6.488144 13.291779 42.922575 10.462713 139.429401 24.481460 68.115972
6.420463 13.294884 42.728432 12.634397 308.585913 14.743046 -78.680393
6.028769 13.098767 42.767867 4.429210 354.254623 32.907316 -60.635873
5.828470 13.081588 42.824888 10.222734 150.849708 42.535387 -122.858176
6.687278 12.737712 42.838746 11.949654 83.783238 89.909480 163.793717
6.387905 13.071684 42.639615 8.484681 145.164374 43.793056 -59.864227
6.217156 13.100655 42.946802 5.996772 179.112732 47.544850 -125.520527
6.653543 13.230839 42.825178 7.563183 140.403740 58.491773 -89.328644
6.738519 13.184526 42.664068 3.218793 94.657410 30.111952 -74.743652
6.699974 13.096757 42.793035 11.872941 93.963236 21.945298 -74.928912
6.915239 13.220609 42.922209 9.471361 176.299423 38.727046 88.184901
6.870991 12.912820 42.749170 5.829072 92.937244 27.623434 -99.336998
5.790153 13.183655 42.859657 11.749936 158.553659 51.067358 -59.168740
6.252527 12.982308 42.869654 3.244290 180.946425 62.618285 -100.326486
6.155433 12.914915 42.889343 12.879244 325.069122 38.686083 -93.365903
6.803462 13.074047 43.047771 5.115944 125.357701 59.294537 -50.911430
6.684170 13.339445 42.939434 9.022462 280.388003 55.562422 177.468642
6.484167 12.947386 43.080521 11.459806 135.280062 34.751978 104.528098
6.800724 12.919782 42.951685 9.116321 127.356474 41.897237 70.664366
5.864794 13.214820 42.719588 2.030361 174.104174 35.084759 118.132555
6.043891 13.136805 42.748279 8.128283 67.076419 26.025475 62.477748
6.220878 13.223262 42.874669 15.774825 38.389449 37.069431 -62.169551
6.448878 13.291345 42.753456 15.812558 351.958134 56.358078 48.328649
6.210842 12.962280 42.804293 14.948774 179.856761 30.261043 -91.497071
6.348955 12.960925 42.907772 9.380315 151.045656 33.364621 82.108028
6.585383 13.375843 42.889418 17.236639 168.972872 29.555848 74.140621
6.741891 12.924137 42.818932 9.716281 354.817625 22.901047 -61.234518
6.895222 13.144826 42.779728 22.916794 165.740595 57.389973 -118.560839
6.682439 12.998383 42.879631 15.281509 346.216196 39.112423 -69.971406
6.570611 13.093834 42.759935 4.585916 351.664996 76.523232 19.586221
6.536429 12.804361 42.829837 9.966644 43.589366 60.233655 -32.186403
6.128608 12.974047 42.909858 9.984669 148.829072 55.202818 -116.936940
6.431545 13.138543 42.673938 10.712060 161.785508 43.163514 -78.473132
6.417073 12.952735 42.728347 19.835414 87.016868 57.525741 125.620957
6.451985 13.310589 42.862977 11.658566 323.069977 67.254609 -98.305697
6.222302 13.199417 42.956855 11.698559 163.997859 33.785528 131.901712
6.194241 13.159779 42.855063 6.004291 174.076775 29.259418 123.649680
6.961719 13.421406 42.973180 8.055471 138.310492 38.603159 113.216947
6.427965 13.344570 42.926843 6.149927 26.281084 86.732931 -140.807334
6.666199 13.133023 42.941497 19.090779 309.124297 58.968668 -84.792624
6.533348 12.813341 42.755950 10.483297 260.567502 15.305465 114.744967
6.169996 13.170044 42.832257 8.886426 174.875424 25.909866 81.786637
6.751874 12.924496 42.738496 27.239658 159.087179 45.026389 -99.161589
6.333653 13.184069 42.812802 7.714685 273.995516 53.761592 -62.917523
6.219639 13.154539 42.939103 8.415223 136.399862 39.386976 66.018739
6.468200 12.864260 42.960813 10.334037 164.903909 21.185733 101.346892
6.694667 13.382447 42.826629 7.663445 152.482477 49.159463 -114.797041
6.710820 12.595441 42.588418 12.369345 253.608582 25.844135 -120.090678
6.558341 12.873395 42.970206 5.173696 159.963877 40.678399 -128.637357
6.050492 13.008208 42.876096 14.204184 163.579966 44.743788 -94.191560
6.655174 13.190038 43.077800 12.198346 313.003535 35.100413 76.462856
6.533182 13.089655 42.974564 9.200828 316.384171 49.390409 -119.525869
6.472629 13.188061 42.884638 5.879315 209.242619 52.224054 -131.224695
6.500659 13.033784 42.783645 9.431880 132.187963 81.461858 159.837658
6.619969 13.107552 42.838737 14.183429 353.725620 36.969934 -73.233038
6.192872 12.855039 42.890908 16.218986 338.414955 22.145174 -66.456611
6.730617 13.115995 42.985392 13.387324 7.580552 80.344221 154.444256
6.640639 13.389482 42.774743 5.830691 172.424457 49.720973 -88.789501
6.639008 13.154875 43.098836 9.913099 108.508739 84.873750 -4.195937
6.321493 13.061526 42.850289 8.955261 37.961150 61.507805 -162.405852
6.488540 13.003452 42.879805 14.478950 331.926124 34.230053 -129.202716
6.573366 13.295814 42.740575 7.123232 306.817095 57.745999 -97.806394
6.866966 13.115025 42.910023 3.794129 144.168227 33.020024 67.023183
7.071963 12.918116 42.582293 4.907219 343.188149 29.862562 -72.460352
6.826099 13.582814 42.909255 16.886531 274.084889 47.910274 -112.485247
6.902088 13.120936 42.785058 30.426883 66.910619 50.594781 32.717849
6.546058 12.924013 43.196761 9.413060 130.546165 43.355218 61.998279
6.578988 12.934961 42.943406 17.011276 161.545714 45.763584 -88.119156
6.192383 13.067448 42.738556 14.838095 144.010644 57.577670 -81.926446
6.372544 13.211118 42.849470 10.439472 220.070258 45.549999 -143.316331
6.841085 13.514819 42.775796 18.499559 144.761459 85.905783 143.005742
6.496783 13.113657 42.847738 12.771693 146.851701 36.985893 56.065944
6.490353 13.090968 42.792696 9.744813 137.571353 70.390298 -32.030135
6.017428 12.990182 42.844276 14.386972 172.488768 41.353785 -100.025454
6.479489 13.044845 43.046116 7.044176 157.555966 59.055223 -83.898411
6.421167 12.999257 42.754629 12.165359 35.367852 61.637763 -71.646080
6.391772 13.156021 42.911644 13.734304 151.655263 38.575802 72.552288
6.474574 13.291945 42.749118 10.324452 274.866513 29.811350 115.554214
7.044477 12.854356 42.925439 20.353632 143.403573 30.578571 48.503564
6.397191 13.069984 42.766162 9.400122 179.301295 41.867048 -118.516986
6.885582 12.925082 42.544615 5.547325 353.744251 32.688835 -72.409928
6.516653 13.326980 42.767771 15.712626 9.168755 21.543180 -120.476635
6.342479 13.190410 42.779262 2.226743 177.923688 25.951858 -100.307463
6.417287 12.851518 42.831317 10.267796 338.237160 20.705735 -65.426227
6.653394 13.062096 42.725198 9.172024 128.879476 86.258982 -83.433452
6.658584 13.129980 42.854981 9.886396 72.460739 66.832461 67.456970
6.379488 13.019910 42.846472 5.322536 174.727595 50.195371 -70.416313
7.238145 12.343463 42.988667 8.076574 318.200597 27.512227 -105.489727
6.522436 13.293526 42.796052 4.932640 31.527016 87.179357 43.021618
6.051672 13.214461 42.724510 12.474929 149.355313 32.119202 64.706117
6.474697 13.019064 42.861152 11.751255 292.287643 50.372527 117.590803
5.970231 12.981832 42.777860 11.596021 44.557078 87.690023 43.747776
6.121036 13.059063 42.859139 14.231066 166.196054 40.165364 -118.887101
6.573629 13.175319 42.746418 16.121927 168.220933 48.013475 54.264166
6.373320 13.256400 42.899832 11.103933 175.130813 39.528690 57.427952
6.491246 12.934556 42.960330 13.888003 169.434556 51.552202 -61.802500
6.391214 13.131478 42.904637 6.250241 324.327450 21.567236 -133.228175
6.333280 13.102735 42.686481 7.023531 158.639125 41.896429 -133.485900
6.540130 13.104431 42.886096 3.404897 170.105303 43.101963 -71.303362
6.434154 13.163862 42.988203 7.500571 289.087233 47.559447 76.446176
6.242826 12.945028 42.848858 10.668726 322.777592 49.490144 -86.817577
6.747954 13.011835 42.868714 16.885358 179.536320 89.683443 -19.114240
6.632045 13.335502 42.735631 3.399700 282.267906 32.512857 117.391433
6.983654 12.997365 42.636568 6.157088 358.062149 32.387880 -113.385404
6.781748 13.133436 42.824842 9.676019 155.498118 35.334579 112.848881
6.274034 13.122336 42.748195 3.043170 164.843994 35.454579 77.053432
6.369694 13.015845 42.693294 15.187686 348.011761 21.893882 -133.314256
6.696060 13.234575 42.591411 11.882409 0.842624 21.781133 107.136391
6.422711 13.069399 42.766668 15.516678 228.824558 24.910674 -52.981461
6.793142 13.137972 42.810242 7.908368 241.671909 20.334157 -161.136727
6.419083 13.201787 42.891940 10.183779 161.892866 21.279570 124.499244
6.255637 12.976302 42.704258 10.125874 167.010916 43.773445 -93.249285
6.909666 12.552284 43.002067 8.942765 351.694851 28.456460 -88.612665
6.145452 13.008697 42.879514 16.091553 323.052421 30.655103 -103.566311
6.147182 13.243539 42.921117 9.236894 152.284586 34.811405 114.275456
6.326708 12.891556 42.755533 12.283455 349.400621 37.062484 -106.119611
6.625121 12.976880 42.784628 8.930258 150.399673 49.836303 -95.471635
6.252794 12.797605 42.832598 9.555253 349.164628 38.507868 -108.215609
6.456754 13.192987 42.790297 8.544507 136.258719 33.955713 131.183773
6.049878 12.964057 42.863548 12.380407 117.420119 41.472160 -74.690761
6.186875 13.344637 42.875999 14.600335 149.829102 54.458415 -95.928333
6.952719 12.850974 42.617160 25.198744 134.627240 45.107989 -101.568902
6.042418 13.215984 42.853379 9.202192 172.927068 23.944451 88.439527
6.716599 13.015515 42.982633 7.778717 154.709557 50.339900 -114.053949
6.392515 12.966571 42.810029 12.913744 44.471815 10.481869 109.006837
6.280545 13.135290 42.832776 18.488734 145.691041 23.439971 112.285666
6.399231 13.047406 42.905831 12.887066 147.445679 39.227253 -96.682209
6.952010 12.693591 42.850277 12.738937 274.522581 51.151356 -129.916022
6.314932 13.081372 42.621429 4.429967 345.010612 46.659775 -129.374090
6.158389 13.213971 42.768115 9.864267 104.721281 57.695318 174.115130
6.219197 12.966407 42.820663 10.930956 54.940527 85.633843 -2.254380
6.202867 13.068074 42.785886 9.862391 317.946011 70.248372 -173.769293
6.487382 13.324973 42.856244 8.859025 331.761919 31.456754 -124.708904
6.451466 13.121507 42.894138 4.613603 169.353576 40.715458 -114.855229
7.106968 13.007623 43.388598 23.098057 187.487202 66.968270 32.177995
6.028399 12.984305 42.892974 10.596537 200.933563 54.375240 -66.815625
6.542942 12.886881 42.973312 15.282271 155.995828 34.653015 132.529236
6.204222 13.061179 42.778681 12.699864 338.698906 33.823227 -124.302304
7.073954 12.904262 42.811688 9.655524 180.264945 57.902597 116.739288
6.490973 13.346904 42.949072 10.538992 141.939183 24.085339 134.509501
6.522475 13.158614 42.746057 11.251172 125.762678 81.592130 -176.751303
6.617606 12.760714 42.842249 13.536275 352.486018 35.410457 -52.996933
6.335677 13.283372 42.775202 9.923252 21.281955 53.777130 125.596428
6.017765 13.320294 42.854689 10.211666 164.965341 40.135471 -77.788001
6.048486 13.231687 42.809605 6.666990 139.291313 21.722156 88.748100
6.550731 13.036483 42.716674 3.683855 127.611150 48.877738 122.258621
6.126939 13.074784 42.868998 17.353686 349.568153 28.165430 -55.676253
6.755683 13.682130 42.587441 13.411302 337.997078 49.217640 111.492106
6.504817 12.971830 42.811983 5.678580 17.934321 11.554783 54.696121
6.637699 13.192109 42.674013 8.635063 178.574981 22.835863 122.070514
6.209181 13.081517 42.643397 14.866505 37.250538 82.148460 -18.909549
6.054390 13.199975 43.017300 10.871282 356.257845 62.797966 152.843442
6.250933 12.946643 42.888866 13.104372 173.822678 30.934963 113.263869
6.611455 13.102139 42.834699 8.227521 343.566777 34.015890 -106.849887
6.447286 13.208167 42.814204 7.752490 150.508124 24.573147 45.258021
6.629172 12.985448 43.042476 8.444091 131.186243 89.784140 -25.138578
6.345506 13.136171 42.811566 12.801487 145.793800 36.060463 109.396493
6.848194 13.106941 42.715407 11.025268 27.310582 78.144466 -73.304696
6.031208 13.009217 42.874915 8.999043 86.127868 27.458180 74.759908
7.202222 13.725766 42.836460 7.685374 101.046344 61.185035 -136.580534
6.676963 13.062959 43.089436 13.589666 77.779314 77.162965 -51.006076
6.601368 13.150996 42.798143 9.171472 154.487531 57.002511 -102.651749
6.331516 12.769787 42.762864 9.241444 324.795041 20.424226 -47.966846
6.395374 13.031130 42.782743 12.981302 166.923252 51.801083 -88.835212
