6.155013 13.064535 42.924167 6.165755 198.487362 42.872242 -65.884586
7.006208 13.245054 42.759421 14.791610 165.681876 34.823573 59.706392
6.554478 12.852991 42.853545 12.796559 105.123049 60.334442 146.598654
6.655681 13.145104 43.077077 12.127687 165.658549 52.115793 -71.982208
6.986761 13.163707 42.844633 14.625286 86.420822 47.385028 -99.128788
6.298898 13.110091 42.809738 10.477238 266.523905 74.071211 77.494453
6.578776 13.077448 42.771017 15.670649 136.504843 53.140209 94.912819
7.047622 12.901298 43.446314 16.282221 105.613871 38.966609 99.284419
6.468793 12.978460 42.743100 8.396301 44.374930 83.827302 -17.269504
6.611147 13.171805 42.776898 4.940237 3.846940 85.151823 138.638628
6.312411 13.152575 42.847555 6.866710 179.990441 39.285455 120.272676
6.502523 13.101739 42.681997 9.141491 319.259454 39.754296 -99.456229
6.218274 13.135972 42.757380 11.850759 318.878813 54.044917 -108.934149
6.905630 13.348193 43.085418 15.875078 153.042593 37.319685 127.802453
6.611038 13.407789 42.931050 17.725721 304.440450 61.210794 100.431622
6.952615 13.637382 43.275726 12.388379 159.273967 56.437522 87.547446
6.646159 13.443988 42.761252 10.312484 146.167527 27.831995 -88.255182
7.218042 12.992479 42.718843 6.611567 160.041366 46.931421 -45.860253
6.853515 13.139302 42.437133 11.655317 111.348003 55.762173 -60.048066
6.037679 13.209844 42.869592 11.648613 142.662082 39.014904 53.115400
5.464968 13.124151 42.845983 11.028803 161.033427 20.556473 90.999952
6.943812 13.130918 43.012153 7.825817 167.960615 39.506918 -174.879031
6.074748 13.140687 42.690599 11.129098 55.370501 45.104087 -61.125489
6.792073 13.153788 42.964506 9.412797 140.071378 47.821951 -63.217169
6.519283 12.926813 42.873177 14.152214 256.472978 54.748898 153.485353
6.948448 13.281339 43.151203 26.502478 72.528863 14.251828 67.758124
6.317538 12.959370 42.841825 16.721034 323.603639 63.172377 149.643318
6.493711 13.141315 42.742749 16.250607 50.092358 64.818647 -160.591227
5.985739 13.017573 42.788079 3.697036 146.452747 43.679942 -67.110761
6.717128 12.872820 42.844103 8.806629 349.854895 48.018630 106.699284
6.179455 13.104640 42.757493 5.932509 161.085595 78.276293 -25.679941
6.272606 13.087605 42.674662 12.248950 138.698950 59.670222 -51.561481
6.564152 13.215568 43.094237 5.306843 177.279851 27.203975 46.151654
6.745652 13.458905 42.869350 13.578023 150.623375 38.766969 50.374884
6.383550 13.185265 42.694938 8.792198 155.261028 27.004268 87.503364
6.774271 12.953718 42.783061 20.747278 157.111598 53.340396 -60.617030
6.801364 12.824364 42.569381 6.114238 331.363499 20.903227 -62.569265
5.641882 13.114048 42.795919 5.203458 136.121312 36.797855 124.059852
5.986042 13.161933 42.835826 11.104584 37.884814 51.443324 55.029183
6.260061 12.991827 42.710724 12.120746 346.755175 25.290750 -107.813208
6.716417 13.091254 42.742669 14.585553 147.640291 50.954630 -48.013749
6.586372 13.198934 42.857014 9.857579 59.042021 70.674377 134.384364
6.930235 13.325565 42.637887 5.995732 157.485836 53.224414 -45.607636
6.768887 13.343889 42.952864 4.140953 272.468327 42.683605 -25.744128
6.691339 13.006742 42.816184 17.915765 275.467306 54.563184 -85.367039
6.972454 13.248859 42.798046 18.598978 348.018946 56.739189 -126.795373
6.789326 12.649479 42.615478 16.201851 353.645126 77.263827 -18.049469
6.225668 12.990533 42.953147 3.468989 85.933808 84.880352 42.664667
6.220898 13.096661 42.896874 16.350400 281.880769 58.651823 -120.931103
6.645827 13.066864 42.864272 12.973325 61.743910 50.044902 -95.784526
7.023413 13.334822 42.229481 9.886078 348.567727 77.022517 -50.330653
6.539136 13.262902 42.864660 11.583674 147.317349 33.629497 112.806391
6.979667 13.084669 42.796660 23.439338 315.459111 31.998288 -76.224249
6.185679 13.145251 42.831326 14.729283 139.039060 55.435663 -80.821706
6.158492 13.155305 42.926796 16.096906 205.073343 36.220034 43.425748
6.382072 13.246417 42.818729 16.074788 148.239557 52.136762 -128.663432
6.482372 13.028341 42.998020 7.072706 137.944859 36.174524 98.133302
6.683489 12.819000 42.915005 6.161097 164.209236 55.259036 -108.144721
6.336654 13.187738 42.781617 14.266523 316.087079 46.252254 -7.898460
6.148197 13.284509 42.865742 6.406121 48.038647 44.452625 -136.326598
6.738896 13.409744 43.158249 4.743709 150.231520 57.792356 127.526942
6.150468 13.019343 42.825252 10.609608 357.210936 51.057894 -173.814240
6.330519 13.237631 42.810471 8.882503 150.051691 56.400871 -49.176623
6.462086 13.115200 42.842619 5.016475 152.982948 29.424289 99.766940
6.333120 13.286668 42.821682 11.629021 127.897712 36.827820 -99.360821
6.423331 12.694190 42.756052 13.190744 104.999392 22.746298 -130.998812
6.836714 12.835995 42.822935 11.971002 157.067064 59.445444 -110.707472
6.110769 13.023515 42.856094 12.668854 295.556387 62.706223 -128.792097
6.767835 13.003010 42.817857 18.329030 358.343385 46.822963 -106.068987
6.758081 12.890292 43.101128 14.909770 172.514843 58.410388 -95.935215
5.948721 13.094955 42.816701 8.545119 336.842553 37.260943 -78.189912
6.600472 13.220552 42.543179 4.035678 129.216370 53.574983 -58.121130
6.864688 13.189199 42.905253 9.508792 148.740181 20.318387 79.263962
5.989538 13.104680 42.861683 4.217881 351.669263 49.152189 72.421101
6.053702 13.136503 42.799187 8.709701 158.912302 32.341769 69.805877
6.367545 12.908625 42.950701 18.056012 51.822573 55.101351 -103.380722
6.490526 13.171485 42.734087 5.849025 127.014089 23.595190 -101.874698
6.947233 13.196551 43.030965 13.531367 279.175731 28.916325 161.528140
6.554200 13.515878 42.888555 6.667802 252.302393 28.003675 -107.132089
6.291989 13.073115 42.730541 3.214914 154.798941 56.868272 -70.901196
6.600788 13.191030 42.953064 15.384829 153.740043 20.527261 103.607256
6.603645 13.261490 42.803418 9.276457 336.832042 59.120950 -121.669370
6.053165 13.067626 42.751292 11.124454 231.599388 33.786759 9.682716
6.863428 12.835243 42.994759 8.492698 230.986085 64.330557 41.583802
5.932556 13.114279 42.735412 11.953305 153.503628 37.860725 132.242883
6.006584 13.126978 42.868966 7.281124 147.758950 21.532194 124.144424
6.548962 13.514160 42.952025 15.557132 349.582741 25.335201 50.832489
6.860249 13.487998 42.753846 10.252321 137.864968 21.131211 156.404094
6.474181 13.011132 42.808503 12.144706 321.317566 44.579477 -59.001911
6.660945 13.219577 43.040138 8.978890 179.241786 23.643774 95.115405
6.402668 12.861269 42.895833 15.241817 249.607610 59.579210 65.288446
6.052408 13.060038 42.769151 8.267423 359.308741 51.494235 -85.036021
6.210921 13.135008 42.837210 3.497715 174.812263 26.002062 97.274891
6.652863 13.223539 42.632188 12.156842 211.203288 32.223663 19.036289
6.188595 13.105923 42.947207 14.738361 300.092099 51.813555 -94.308998
6.665957 13.447648 42.931829 7.483826 16.884638 65.337148 57.376646
6.474095 13.285734 42.899684 5.112752 169.112308 23.740120 109.306032
6.370952 13.359634 42.768915 12.042048 120.211010 36.989743 153.258439
5.763044 13.151785 42.893749 17.210548 168.575476 57.134123 -79.858893
6.331225 13.449215 42.858199 10.321282 161.625527 25.695550 65.252143
6.322692 13.270938 42.878822 12.241839 343.766467 43.016008 -74.638134
6.639223 13.074439 42.833681 5.997915 122.753813 59.657430 -124.993980
6.423427 12.849979 42.807125 6.784292 301.442965 40.380179 -91.041611
6.190575 13.103423 42.790889 13.608298 175.175172 34.194025 -74.558891
5.825850 13.032123 42.843546 10.735413 137.221187 57.736474 -115.604266
6.846890 12.875224 42.767545 5.144380 168.481568 55.808902 -73.803608
6.273540 13.307776 42.887585 9.974562 166.063707 32.813971 133.291402
7.229385 12.694014 43.009888 7.566675 152.463859 57.542049 -48.543168
6.522590 13.118230 42.783766 8.725181 162.771544 52.871340 -68.550029
6.176955 13.193781 42.767186 9.042413 90.976750 25.983136 -53.072415
6.790931 13.277068 42.679787 13.043355 357.986065 45.696425 -69.230976
6.381833 13.139697 42.946974 12.202566 178.668394 20.349080 95.455123
5.512152 13.074918 42.798124 5.977351 322.372621 51.590136 -91.566537
6.805002 12.952428 42.886955 27.306193 272.951921 48.511657 -77.249660
6.733406 12.956708 42.835736 17.942507 320.079116 20.383383 148.722250
6.348152 13.302139 42.808777 12.171797 150.377239 28.351091 103.640049
6.666974 13.217392 42.669481 12.072195 172.284935 34.761443 110.925089
6.408581 12.860191 42.785496 14.510603 342.552981 39.192525 -62.801952
7.272270 12.554799 43.183903 5.335236 95.553945 14.347331 -80.780980
6.354623 13.099336 42.649212 9.520535 303.027862 26.358613 118.109514
6.846587 13.369477 43.251217 14.471320 178.320739 41.850075 112.855561
6.366118 13.015248 42.787623 2.997737 141.673985 43.909316 -87.669300
6.539014 13.304864 42.689567 13.909548 167.989841 53.111227 -111.865143
7.071337 13.522839 43.104188 14.643261 136.218158 48.374541 98.746228
6.250021 13.100402 42.713518 15.642105 163.428311 55.864277 -61.991740
6.873668 12.615814 42.729485 6.210479 30.621322 77.767820 -5.474437
6.633031 13.213245 42.849492 10.455143 177.847802 22.392250 77.992990
6.208673 13.184990 42.822477 9.407807 157.817654 33.062135 126.557590
6.172705 13.185384 43.042522 14.418908 139.041795 27.244163 63.157497
6.325113 13.132334 42.890940 10.043556 156.171002 73.315729 -158.562181
6.878076 12.837414 42.734160 13.345335 165.998498 51.003429 -88.350318
6.574248 13.060635 42.541704 16.116016 115.125511 83.478469 19.621796
5.873564 13.093277 42.901975 9.071580 208.929337 64.480730 -152.247929
6.531469 13.053927 42.834635 16.824562 151.447943 52.028669 -84.454496
6.808332 13.479190 42.475550 4.698801 102.859608 18.508366 97.900997
6.792642 13.263096 42.517853 15.802982 175.216760 43.350492 -46.320828
6.426859 12.974889 42.971015 4.592671 199.068587 51.789239 -55.122252
6.297692 13.050845 42.725562 6.151471 352.963408 25.729306 -124.458749
5.986767 12.927090 42.814494 5.544769 103.872037 45.982573 -59.084414
5.988273 13.193423 42.809842 19.346515 338.022772 10.737650 85.894529
6.546814 13.319970 42.812435 10.107816 84.743244 57.364939 46.031722
6.790284 12.775053 43.037093 11.365738 162.511329 45.355150 -61.527420
6.588717 13.373381 42.683781 13.716932 336.993742 66.717151 -131.121575
6.572034 13.050268 42.838728 16.718898 72.555696 86.096443 -10.637655
6.260179 13.164592 42.849132 2.994012 173.249078 51.445816 -71.194653
6.561660 13.286045 42.871100 14.253912 202.867378 52.080616 147.376882
7.094929 12.874769 42.739569 7.121076 352.382808 22.790588 -129.179563
6.479964 13.159574 42.758672 19.503721 27.530071 52.903588 45.620292
6.975048 12.790481 42.711113 5.783648 349.316205 54.523688 -38.249159
7.125618 13.055556 42.936150 8.664136 153.556494 40.644402 -120.051762
7.135966 12.579939 42.811790 5.876615 342.998782 33.362546 -55.771949
5.914764 13.132087 42.834750 17.658843 165.824602 24.578784 109.450671
7.082339 12.669917 42.452099 6.466989 82.977967 56.311553 -111.227840
6.532114 13.274019 42.811880 8.063522 174.697914 81.662138 -16.246752
6.598645 13.268899 43.057773 13.353849 142.572227 37.994685 119.306963
6.450267 12.850729 42.872093 14.053245 141.261433 44.971164 -82.385370
6.215069 13.030697 42.802532 9.025863 128.467725 59.630275 166.136483
6.617826 13.381076 42.772084 18.691554 162.268864 43.864036 -97.535244
6.498037 13.029211 42.718355 5.479519 326.496977 28.695110 -32.140928
6.600000 13.049085 42.940088 14.295917 167.814045 38.331565 107.355976
6.868613 12.969580 42.768657 7.344929 204.390687 55.490469 -48.631891
7.091291 12.914368 42.461075 6.802438 344.172490 29.931408 -85.268050
5.913152 13.265214 42.848703 6.360648 319.554666 57.999700 -56.961027
6.896620 13.017981 42.517185 8.677041 317.007534 23.681965 -124.687619
6.500988 13.070543 42.759117 7.000736 331.982121 58.169622 -48.374190
6.110119 13.247458 42.684769 3.801856 175.093834 28.923160 -142.773312
6.152486 13.348012 42.804205 16.888531 90.580109 52.644733 117.432481
6.522028 13.245323 42.860965 15.353740 135.584340 39.353262 54.735223
6.548820 13.010175 42.787393 18.124077 217.261367 78.366162 42.402446
6.716783 13.264398 42.852494 4.897581 164.283493 21.221422 91.997395
5.754936 13.028144 42.860047 4.715039 140.313979 51.999608 -48.638084
5.761148 13.084602 42.860707 4.504814 169.051067 59.629208 -124.865751
6.291581 13.187170 42.928144 9.608731 85.947645 89.826595 110.984062
6.607736 13.161081 42.812134 9.036579 23.589423 83.755677 -22.589849
6.008600 13.041686 42.923975 11.257101 143.349044 49.568363 -81.592896
6.389969 12.945284 42.986513 21.849074 158.006234 50.819153 -120.872889
6.507381 12.776698 42.990364 13.282664 318.802180 21.975271 -130.224093
6.251690 13.120998 42.898018 6.701293 176.740594 24.014816 -129.182000
6.393221 12.977376 42.789718 11.198018 151.394725 49.998684 -134.748565
6.777173 13.019627 42.627874 7.713259 329.678492 27.765019 -115.015933
6.583959 13.162036 43.042410 7.755530 165.979730 26.577847 106.209821
6.591176 13.037506 43.186914 7.727867 149.612335 35.234505 89.916553
6.291873 13.001279 42.847736 12.628954 170.785672 56.935820 -57.005913
6.376496 13.088685 42.927961 13.650086 145.012269 58.965694 -121.060472
6.914178 13.054106 42.577246 13.287626 347.282286 24.747376 -87.413465
6.544132 13.026676 42.837933 5.233345 338.018390 32.728341 -88.081351
6.465454 13.128306 42.945991 17.081790 173.057560 42.769963 -132.954486
6.518049 13.375068 42.867360 5.951159 176.220237 36.463097 70.491054
6.502199 12.948648 42.831476 22.310821 323.949546 43.382432 -50.289727
6.655787 13.148719 42.775234 4.040483 174.488731 23.639769 51.877809
6.864608 12.928520 42.773761 9.939994 136.653433 42.082526 -64.493981
6.558698 12.908538 42.725535 8.580912 334.927854 38.941527 -134.836243
6.388529 13.131236 42.768362 6.920284 33.246364 80.391981 11.097031
6.375873 13.145038 42.743164 12.272724 260.753349 16.925159 1.944322
6.553819 13.338951 43.000936 12.893203 111.561497 58.054394 80.165423
6.096023 12.886113 42.982579 11.163737 158.992488 56.945657 -130.851222
5.848950 13.198888 42.738777 12.145929 148.320673 73.329455 125.733017
7.548003 13.564758 42.833826 10.776807 164.572805 29.433985 78.871609
6.199176 12.932746 42.810487 15.798524 145.069018 54.804543 -58.649876
6.153215 13.298682 42.781863 7.068968 146.052771 24.187757 66.287875
6.880416 13.148229 43.139342 12.967806 149.782048 20.728896 70.005936
5.837386 13.043594 42.852962 18.917926 162.316579 60.412191 -30.286297
6.258766 13.203267 42.983602 10.531271 162.364830 26.920973 57.984819
6.445319 13.021565 42.878447 20.261791 342.500667 39.964007 -123.107073
6.625082 13.082444 42.971665 10.309750 235.155100 46.706779 90.809967
6.471151 12.957677 42.820113 13.261130 277.413335 45.086892 137.068154
6.191532 13.415699 42.941410 3.813634 140.888821 63.893314 130.050956
6.054404 13.092908 42.868149 7.976903 161.451278 58.629912 -77.275083
6.568943 13.200513 42.946820 7.614363 138.302446 30.153491 72.334563
7.034615 13.221608 42.685960 9.896352 142.150277 30.856013 99.435911
6.366690 13.040378 42.819903 15.745778 94.630859 15.914193 -48.599560
6.335779 13.111239 42.919148 7.985947 148.264095 20.100433 100.256696
6.287013 13.397123 42.700935 14.640136 248.460774 56.285579 -130.762497
6.521212 12.910107 42.861342 9.346484 339.652312 30.966708 -52.842390
6.976856 12.982623 42.630845 11.682656 315.833948 36.564152 -100.512409
6.268112 12.983653 42.776679 14.760237 319.431959 66.375925 -159.461788
6.076572 13.078026 42.896475 6.587811 145.386969 87.157008 116.687646
6.319365 13.044411 42.909814 5.711856 201.929079 59.506779 -86.249580
6.766296 12.910677 42.840191 18.739649 332.041871 21.733159 -74.450278
6.391388 13.081344 42.879935 7.673402 274.642593 78.814931 -82.798082
6.870748 12.992535 42.971483 12.728496 179.200130 50.961140 -125.057072
6.534280 12.811852 42.795688 4.636640 278.265572 60.175948 157.223029
6.499674 13.204861 43.057087 9.283254 79.347107 58.026361 -29.480091
6.533845 13.052953 42.819136 12.110038 231.328674 16.168604 119.604762
6.746858 13.053804 43.137813 6.740451 135.038220 39.723843 123.690276
6.271373 13.201972 42.961791 7.311800 179.515683 36.565090 106.803964
6.719729 13.356206 42.711963 14.986917 255.909721 50.906480 -118.758360
6.427966 13.028037 42.940853 8.958337 123.664322 43.821525 121.734388
6.752440 13.090637 42.733727 8.993932 179.500382 46.804873 -134.564685
5.862831 13.070157 42.832899 12.004151 281.311794 60.629271 -48.197405
6.889280 13.229581 43.070242 19.740790 171.479429 27.858225 123.807964
6.364574 13.026732 42.866322 5.786467 219.930143 34.488354 78.033468
6.659200 13.238084 42.817162 8.126997 175.389928 30.786636 52.177265
6.324058 13.233147 42.599104 13.560042 173.029568 23.943293 -108.254714
6.248317 13.086128 42.899114 11.584683 145.382873 27.094556 58.762927
6.387316 13.123959 42.806302 11.936850 357.060332 72.839738 -57.707288
6.930637 13.100546 42.982311 15.636089 140.873184 52.998720 -73.047910
6.097814 13.042583 42.918435 6.665255 171.388661 53.083494 -72.106246
6.526968 13.392090 42.872059 8.838329 158.117194 53.646520 -67.971809
6.322526 13.060620 42.969149 10.713608 143.613120 57.461867 -102.587661
6.392616 13.081902 42.696096 7.229539 325.714957 36.380838 -120.368996
6.251693 12.936507 42.901993 15.280431 178.586844 50.244349 -134.017042
5.866135 13.083212 42.842125 13.065357 359.386155 48.747450 -111.085930
6.863938 13.185079 42.579302 6.779672 172.069732 46.114291 -79.826597
7.028605 13.348942 42.943744 5.801487 20.777424 51.024431 111.965717
6.002783 13.102974 42.876008 9.108707 159.453817 40.614010 -131.088678
6.850266 13.127790 42.855790 8.926615 67.080325 49.857314 52.739788
6.611852 12.942306 42.691250 5.652504 321.088348 23.630558 -85.384119
6.796979 12.769867 42.911136 14.637419 328.655841 28.611381 -124.389069
5.976682 13.097619 42.836437 5.656479 169.590643 48.259408 -112.988018
6.627579 12.739181 42.875924 15.190769 325.199296 22.864822 83.543303
7.023290 12.922925 43.251898 11.027692 167.020686 36.557322 66.095664
6.705986 13.122346 42.996986 8.343981 116.965696 80.970567 144.511571
6.069018 13.013566 42.817806 13.277045 137.792208 57.870414 -58.014239
6.456971 13.056790 42.674716 12.679144 162.127444 45.767465 -67.911093
6.286265 13.080389 42.886344 10.654903 178.507336 55.254467 -81.879963
5.797170 13.065618 42.813795 10.092248 142.130530 45.173581 -50.150156
6.487986 13.348853 42.972607 9.198457 118.921783 39.433489 120.076209
6.154150 13.047244 42.891333 4.403049 227.398029 61.017148 111.800573
6.238677 12.916669 42.829411 14.109185 286.994395 45.989151 -77.456356
6.530622 13.255563 42.914429 4.816810 0.786118 43.328858 -159.263772
6.860808 12.854063 42.767166 11.433885 61.799207 40.408023 67.369359
6.578388 13.113065 42.953210 14.911759 14.793765 72.030659 39.671778
6.692885 12.766314 43.001869 9.590087 11.533508 22.181786 -78.860426
6.754023 13.195350 42.939380 8.736027 157.026044 25.779987 111.653476
6.537605 13.132160 42.742131 14.696766 95.293575 29.031548 -101.325503
6.483787 13.088683 42.978268 12.648057 137.470271 50.377445 -105.085748
5.888413 13.238473 42.803675 5.890043 156.695066 23.140870 68.713048
6.429534 12.876004 42.763523 16.350163 168.647087 46.805162 -113.758052
6.880641 13.681789 43.124268 10.222689 345.236085 28.589560 -46.971342
6.567088 13.321547 42.716060 20.568789 204.044599 60.492729 31.262611
6.533959 13.338331 42.731314 8.077942 31.391842 53.849873 76.498248
6.651996 13.336462 42.627404 15.560295 179.924865 42.481027 -97.033601
6.848446 13.469838 42.938072 10.850142 148.031424 56.463970 72.732139
6.618396 13.319290 42.811737 13.788714 103.336096 45.101184 53.748553
6.423090 13.085308 42.845031 3.609632 324.223618 27.624247 -59.733769
6.906636 13.120088 42.743726 16.763649 94.298102 72.097364 -53.261797
6.143242 13.095247 42.870308 11.309326 212.761400 44.970972 -121.826324
6.450768 13.350109 42.720323 12.324612 165.986683 37.219686 127.548713
6.403202 13.088196 42.887825 10.519159 153.184739 54.604979 -90.941531
6.798360 12.844190 42.569576 9.401717 319.643654 23.397002 -98.744087
6.562196 13.267091 42.880380 2.747992 166.594709 22.631994 124.260100
6.116674 13.127743 42.781526 14.759141 147.332582 24.580333 85.017059
6.493587 13.148381 42.962047 19.101695 167.234943 36.914636 80.524497
6.034869 13.140229 42.952806 20.430532 21.290371 88.096677 144.942427
6.150788 13.034158 42.937657 13.649787 140.199611 33.200395 122.725491
6.398870 13.073155 42.760451 10.391846 167.927648 40.754716 -92.003957
6.625405 13.416953 42.853043 9.898404 169.058236 26.200692 84.128936
6.834400 13.671935 42.906367 6.536226 161.124181 52.052996 123.162698
6.370924 13.211662 42.834860 13.141776 157.359589 49.687944 -85.241417
6.484892 13.150615 42.918227 11.493472 155.770093 37.054134 58.859063
6.994479 13.663011 42.917506 5.547945 158.188084 49.984373 62.142511
6.337587 13.097634 42.806658 3.409167 179.321063 59.800155 -69.121121
6.913786 13.019000 43.035226 19.076758 287.513077 60.603253 -141.167740
6.236256 13.236627 42.882286 4.924839 157.944685 39.419163 134.824243
7.029272 13.743063 43.008631 7.633314 149.940471 53.588386 125.058340
6.725002 13.051839 42.602129 16.136309 290.482875 52.364799 -132.525821
6.664037 12.900482 42.829393 10.951253 282.970319 77.014206 -170.574899
6.788268 13.006028 42.883317 7.771631 355.239639 41.957425 -97.957140
6.319897 13.110553 42.846979 6.874054 169.051071 49.881102 -124.313280
5.948068 13.040778 42.818010 15.310077 326.004171 27.148053 -118.284414
6.432223 13.145513 42.875892 14.422443 134.210518 40.127697 -100.186692
6.508265 13.128366 43.000626 17.731029 39.450759 42.545511 61.122654
6.754951 13.245879 42.921221 6.996748 153.184896 24.921508 75.726664
6.412759 12.996659 42.769557 4.927247 149.566217 50.668963 -115.659438
7.137868 13.499575 42.541973 13.482696 147.503384 37.489534 -118.672653
7.026981 13.285685 42.880172 16.897952 127.861868 46.428741 -125.699746
6.255553 12.937225 43.002102 15.405148 336.894899 43.053309 -96.911358
6.663748 12.994872 42.862878 7.515438 309.082964 18.460000 -65.091362
6.087960 13.030317 42.792131 14.343309 353.890022 29.458424 -67.776804
6.280317 13.034818 42.869034 18.592045 293.242715 57.122344 -48.400676
6.641621 13.060860 42.676148 11.053472 155.609566 40.902493 -133.641080
6.405189 13.135574 42.746110 8.615624 185.180849 43.122993 -142.576043
6.598769 13.388302 42.826780 18.514173 136.577842 59.076211 -89.104259
6.454892 13.124458 43.102596 9.649466 153.076377 28.981611 124.402315
6.598182 13.124762 42.699186 13.904753 317.465045 47.911676 122.087507
6.367971 13.284037 42.865836 5.648768 162.373616 30.471420 120.785769
6.389631 13.292661 42.742211 17.049277 254.603854 77.172349 133.534353
6.627116 13.046180 42.806872 4.880267 154.403750 41.990018 -89.959806
6.477114 12.942254 42.845938 11.010965 141.623477 49.292098 -61.586463
6.616761 13.081507 42.864224 17.375090 273.765708 28.045733 86.067821
6.782148 13.124919 43.045167 18.889112 156.394191 47.787392 -132.797632
6.567925 13.061453 43.153305 5.544430 140.224811 26.066309 56.903473
6.755084 13.001758 42.781789 15.179563 82.833407 82.626865 20.513285
6.274444 13.049261 43.087899 7.054622 68.820398 70.905015 -174.422027
6.372302 13.299102 42.890737 12.742853 117.573196 30.478101 -160.430226
6.959376 13.219547 43.187919 18.503473 152.458392 52.265503 53.025660
6.629116 12.869283 42.679010 7.307098 143.959083 52.479931 -59.307441
6.188411 13.279247 42.839122 4.918021 169.674641 28.997000 101.295353
6.390716 12.929741 42.843843 17.143529 90.341963 66.708392 -78.901199
6.822367 13.290868 42.951375 9.641253 247.930523 25.359572 -3.192570
6.177671 13.029319 42.646289 3.941978 117.311369 89.702593 -166.972078
7.025455 13.363784 42.686902 12.537680 308.352883 45.012923 -61.333068
6.553455 13.403916 42.759423 19.003451 160.886640 57.779163 -121.530162
6.436349 13.207762 42.912526 5.800135 136.849379 27.366823 67.533715
6.707246 13.322751 42.669460 17.235759 156.792528 27.648592 123.209242
6.366741 13.179972 42.943142 13.095472 311.613414 70.607148 -43.266133
6.107413 13.282263 42.792846 9.409881 171.339871 23.472036 77.982150
6.949001 13.443728 42.378430 7.664364 116.265497 40.762107 -116.215643
6.582818 13.318831 42.895139 7.283274 136.699205 30.362230 79.564818
6.651853 12.949904 42.677273 9.216879 177.157660 54.845626 -76.617952
6.264207 13.111195 42.628454 9.620371 96.165566 56.924044 -125.061975
6.398162 13.183177 42.885588 23.109034 160.302548 23.515827 71.774778
6.304517 12.900871 42.953090 6.128026 154.926016 48.642134 -93.643283
6.624789 12.878586 42.785546 12.449339 151.455704 49.402364 -90.301048
5.972065 13.190956 42.902268 8.896844 165.633512 30.004066 50.221170
6.396367 12.976908 42.905029 6.632079 162.668841 47.950616 -116.111934
5.999689 13.181209 42.863612 11.022223 104.057404 53.324156 -78.290899
6.608387 12.978012 42.598403 13.772474 304.944594 73.891507 -65.809757
6.568900 12.982249 42.583748 24.492836 322.123718 21.761481 -125.595017
6.639676 12.899460 42.875878 18.666885 80.618892 82.125008 47.442298
6.508225 13.108246 42.735837 17.267932 203.892531 45.100604 61.991418
6.829572 12.936820 42.576733 10.153494 236.841312 48.147322 -138.296079
6.258048 13.098357 42.833328 15.111725 200.419219 78.115112 174.664530
6.653199 13.139798 43.201601 8.804240 158.134441 26.685364 87.008936
5.835503 13.115411 42.843336 7.880497 179.056419 38.279762 129.033113
6.218675 13.185038 42.801690 7.919285 146.965929 37.029806 66.051062
6.074794 13.095842 42.810073 7.448323 329.676028 35.543209 -64.583435
6.903135 13.205305 43.109033 7.047991 155.003639 34.013295 133.378639
7.297684 13.199355 42.901459 14.751827 148.739110 21.270078 129.008525
6.184615 12.981706 42.939072 18.553973 168.702410 25.558711 86.861066
6.519603 13.257800 42.935243 10.785285 107.411369 85.987221 -151.019915
6.459427 13.116293 42.801864 10.752418 172.442509 52.294670 -95.639792
6.490210 13.290419 42.820479 4.691685 171.650692 23.836615 57.275242
6.544070 13.364528 42.854427 13.455592 165.713847 24.746123 74.424154
6.861687 13.304456 42.630211 4.546412 218.142805 44.096162 86.636844
5.772862 13.048812 42.848220 11.102294 253.387992 20.740526 112.266189
6.158928 13.213441 42.877460 12.181825 148.330175 21.226025 120.304125
6.407994 12.990400 42.717526 9.793530 10.607158 88.685112 -12.249893
6.467654 13.262628 42.893378 11.277840 310.351986 46.448925 48.955850
6.469046 13.186010 42.830142 6.989320 298.095627 50.230073 -132.757663
6.599676 12.953349 42.955367 25.843245 154.460116 42.782904 -112.998219
6.417710 12.981625 42.717355 8.294107 16.747235 44.034345 152.777419
6.482012 13.126256 42.799909 3.149919 178.104294 20.645667 129.119387
6.508840 12.917143 43.029837 16.135448 150.867965 47.884767 -109.460312
6.502028 12.861380 42.972465 9.150719 174.697170 48.507001 -58.210266
5.922268 12.997256 42.842442 14.141919 137.801097 58.068824 -57.295518
7.066838 12.974159 43.009690 12.952942 165.416154 43.971461 -100.980168
5.909122 13.219683 42.822235 1.916317 165.190619 29.801909 49.353238
6.429657 12.836933 42.899675 7.091016 299.094929 52.032187 -36.822513
6.273656 12.971253 42.918215 8.429702 170.662457 48.259888 -51.739808
5.897867 13.165278 42.817586 5.491331 161.499418 43.643778 -75.785234
6.413134 12.864285 42.760630 13.918675 316.213211 38.165008 -46.034302
6.369624 12.997332 42.589527 3.659449 2.308011 52.958030 -106.244971
6.902609 13.382293 43.059645 5.414349 178.153793 20.379884 94.319402
6.423315 13.239663 42.728613 10.823530 147.087764 20.492858 68.512804
6.183852 12.976588 42.821646 9.621995 345.915842 22.440589 -92.009554
6.534903 13.146710 42.717097 16.803917 151.233143 36.832342 112.427053
6.524373 13.062554 42.898503 13.904823 150.688092 55.017654 -88.946054
6.839288 13.281881 42.888942 6.905080 173.328889 74.823943 118.795061
6.206907 13.346994 42.943584 6.102161 145.533524 26.207208 83.571448
6.223594 13.186687 42.669960 13.527097 284.938135 58.699000 -123.838023
6.472485 13.026988 42.873717 5.274934 163.939546 49.967116 -130.415482
6.541130 13.148833 42.871145 11.000187 281.052327 64.199775 96.129444
6.732730 13.073845 42.635859 10.622295 134.585528 41.057314 -69.737474
6.192864 13.173732 42.853209 9.193244 153.076633 37.611952 67.364337
6.470253 13.265278 42.788505 10.487915 153.946304 85.007282 13.873495
6.455538 12.929850 42.887316 9.762291 169.687382 52.889570 89.050624
6.370164 13.105397 42.771670 15.562273 226.297631 67.788093 -117.329484
6.567456 13.124048 42.799392 8.379954 199.253577 33.773195 47.663745
6.439179 13.078443 43.044851 3.697897 96.176240 59.431699 -72.795742
6.511845 13.285105 42.699729 3.159867 166.076312 39.345225 130.604378
6.884665 12.781660 42.788222 4.600817 345.482754 31.110903 -81.866012
6.605528 12.999969 42.916064 12.931601 168.105071 48.538634 -104.785835
6.472679 12.973733 42.801400 15.845850 325.816286 44.584243 -39.096511
6.369580 13.178757 42.722722 11.052863 113.222269 85.950622 -2.789341
6.572826 13.133496 42.660360 11.805313 179.934689 41.875053 -84.840778
6.771674 13.102430 42.983056 13.498678 91.007389 32.303819 82.718646
6.263606 13.138338 42.872956 9.402630 166.854731 23.392318 111.411243
6.410846 13.100883 42.837073 3.429968 334.362798 39.044540 -72.898087
6.531240 12.973170 42.621993 10.538381 64.128797 29.722421 128.467188
5.970133 13.054567 42.801071 11.880511 117.598069 62.583369 -179.587652
6.647514 12.811036 42.736712 9.340178 355.783800 57.061205 -68.723629
6.473736 13.259752 42.833808 14.026090 146.274037 20.156590 -172.984658
5.986951 13.175943 42.799232 7.094340 17.388506 48.214944 58.997531
7.051440 12.269308 42.828759 22.875929 277.939941 32.423581 109.650624
6.595512 12.824274 42.804680 7.630762 145.469091 59.733936 -63.306804
5.912996 13.135168 42.965022 8.138104 320.176286 42.585225 60.302174
6.884853 13.865959 42.642850 13.107595 160.194313 56.946699 96.446729
6.552559 13.368176 42.673291 17.937704 137.386094 22.632270 61.098702
5.808009 13.061011 42.882957 9.861000 77.910037 24.219272 22.797126
7.429870 13.947783 43.229732 8.595471 347.280920 48.759992 -78.315339
5.983599 12.901835 42.789042 8.590772 230.041549 53.929932 119.646724
6.577773 13.002808 42.689352 17.842747 123.178340 41.650498 -97.594658
6.475392 13.103128 42.735953 15.822337 254.549842 36.536078 173.261085
6.508625 13.253014 42.856876 14.184846 164.468266 35.027556 127.682034
6.547660 13.238745 42.765674 8.434015 179.195746 83.409937 40.835141
6.799992 13.076392 42.956186 10.375792 184.471212 49.470620 -30.346919
6.946957 12.998921 42.892941 13.716181 3.691269 52.291384 20.209386
6.573583 12.884389 42.713022 9.484718 322.887213 20.610212 -120.272792
6.900807 12.598734 42.737252 10.241023 224.664481 22.337717 62.952581
6.820220 13.087053 42.836500 11.250788 156.985424 49.110334 -132.579132
6.433992 12.765435 42.670008 11.589348 328.604602 59.986318 -67.166246
6.756851 13.043665 43.104400 11.382384 44.710628 49.255083 -103.552698
6.481981 13.148888 42.790558 14.744185 87.339922 88.247366 10.170575
6.031355 13.087474 42.772507 12.486988 98.676633 85.003277 8.956020
6.348830 13.236201 42.918651 4.633316 145.645110 26.537337 61.218682
6.592773 13.133270 42.846879 7.351532 155.166600 42.382736 108.465703
6.369078 13.072437 42.645212 13.984663 157.066800 56.253709 -107.674547
6.623051 13.282584 42.864211 5.907540 306.100710 75.651993 -91.774285
6.517278 13.046546 42.798733 9.857992 157.237781 50.576660 -127.055602
6.502114 13.138537 43.039656 9.608007 176.118566 40.764857 -62.461457
6.979335 13.032274 42.283139 23.953489 106.211769 43.528078 -90.612896
5.897740 13.100039 42.843457 5.025601 102.690065 59.736316 104.277235
6.128829 12.957798 42.906107 16.516137 162.390955 42.227189 -93.295247
6.644463 13.310799 42.813604 12.832429 144.342978 26.041124 -69.837444
5.937115 13.102386 42.903063 11.158237 150.424254 20.134282 -97.614245
6.266172 13.296781 42.883785 7.398979 163.211836 35.528078 121.368623
6.625068 12.923716 42.645368 16.492690 223.640010 69.803994 15.576473
6.124276 13.101837 42.806339 9.471781 174.497356 81.923502 -179.171067
6.670124 12.954189 43.028195 8.834500 134.384070 53.878371 -23.571241
6.433227 12.995325 43.054778 9.807150 154.781776 57.845790 -131.584611
6.551654 12.814307 42.824912 13.678891 50.253373 80.748842 -24.170564
6.282373 13.302815 42.715631 6.179351 334.720310 42.282417 -60.384221
6.601017 13.600890 42.823403 10.975608 181.268139 64.751625 -166.586752
6.151569 13.063632 42.630992 3.445929 318.613856 33.763640 -115.127849
6.533669 13.195707 43.008276 15.161972 13.948502 85.922709 2.971615
6.510265 13.105366 42.861225 8.589828 161.034060 55.626021 -58.591777
6.464598 12.905334 42.867575 9.249525 138.241874 54.226931 -109.024956
6.670135 12.978631 42.817505 14.074005 342.272270 21.759193 -68.508361
6.494326 13.120042 42.741136 8.135014 149.647253 22.389759 109.993424
6.769069 13.055854 42.872633 11.479345 10.520228 33.792908 119.660081
6.146493 13.103094 42.828321 12.602482 108.326064 14.024115 72.990160
6.729890 12.942664 42.593707 8.424520 356.320506 26.374502 -88.587352
6.146812 13.334361 42.780997 8.456836 148.081887 29.816094 53.561906
6.436391 13.087633 42.698610 11.908353 329.437068 25.144657 -125.381845
6.102894 13.159457 42.766792 16.294499 154.787923 58.165284 -123.641363
6.623540 13.243601 42.979272 9.457904 146.073096 30.500519 101.140605
5.795695 12.917298 42.843230 14.479538 166.686964 41.821063 -51.631468
6.898987 12.884249 43.029002 10.225871 44.414114 31.697206 88.757656
6.228155 13.236676 42.947646 12.968258 173.528160 20.241065 111.171226
7.121629 12.892639 42.770780 22.593712 160.549625 47.538665 -125.339904
6.887583 13.186815 42.589497 10.390615 237.716463 32.334231 93.751321
6.824006 13.229455 42.665643 14.423847 343.258907 41.027506 -75.657752
6.380149 13.295227 42.739454 12.400938 151.314679 20.374902 112.108078
5.724786 13.198788 42.777961 12.509768 288.747708 68.239554 -36.426849
6.279175 13.030400 42.717988 8.976675 205.853129 38.352269 46.212274
6.400093 12.997270 42.828216 6.545946 160.884996 70.775894 -131.890741
6.308340 13.022755 42.774509 6.264781 324.473671 29.164929 -124.242523
6.114805 13.149977 42.803365 4.744882 212.695570 22.012140 -74.315590
6.458414 13.113997 42.876557 9.744839 116.981897 84.878017 -144.406540
6.766272 13.378372 42.991273 5.701425 140.404153 31.406893 52.904487
6.812501 13.420877 42.683982 15.847856 141.502811 30.764901 75.385407
6.041825 13.205635 42.743240 8.439754 342.700819 59.331207 102.869566
6.518453 13.019023 42.733541 6.072443 157.199744 49.213781 -118.657632
7.063839 13.081981 43.244033 11.457818 173.645116 30.948891 99.843245
6.107636 12.990995 43.014542 4.147689 272.026706 56.888497 -105.043356
6.795612 13.046092 42.815755 12.382635 165.959366 49.487313 -128.496724
6.297944 13.271435 42.837564 10.894568 86.035009 22.453222 -119.420801
6.513062 13.015882 42.563481 12.777326 339.791805 34.579559 -106.430560
5.964233 13.164987 42.748495 9.657927 122.372743 57.735341 53.222550
6.463210 13.094459 42.906388 2.516680 251.285204 24.083189 -4.821632
6.456481 13.142160 42.724266 6.558492 324.874962 32.880787 -27.272169
6.188899 13.214740 42.860943 7.812636 144.750600 42.473243 -53.214514
6.397775 13.013747 42.674320 14.038608 359.408651 23.372374 -55.360820
6.450996 12.888803 42.703620 13.763975 150.778663 45.583872 -131.109100
6.503672 12.964354 42.978517 14.946873 156.375233 39.252167 79.918824
6.471424 13.093455 42.698320 13.509454 1.573163 81.269884 1.696940
6.705180 13.080365 42.602403 8.432211 87.760788 80.707896 -147.036244
6.269960 13.044361 42.839247 14.790833 349.638059 25.823357 -122.931764
6.525568 13.000039 42.642256 7.839254 95.701316 51.596667 167.819059
6.492130 13.210473 42.854821 3.454265 345.987831 47.471865 125.034447
6.646886 12.915051 42.849675 9.545491 100.712184 85.149328 -148.911914
6.727711 13.339700 43.005744 11.570111 170.046812 21.482460 85.005436
6.746882 13.198381 43.012517 7.628903 174.985111 37.806548 63.310200
6.435225 13.219637 42.849241 9.917781 173.608039 43.015525 -121.943723
6.207981 13.019064 42.725333 10.370145 347.437318 31.840256 -99.386808
6.047240 13.175480 42.874033 16.019405 159.951394 34.615337 53.983336
6.077783 13.080805 42.849837 13.946571 73.504347 83.416741 169.315580
6.271144 13.137848 42.816148 8.225717 352.221607 44.354871 -50.449657
6.499274 13.016343 42.686138 5.688034 301.896989 79.784366 -129.182147
7.009610 13.380914 42.943401 8.329388 37.178163 68.901781 55.543093
6.026645 13.122964 42.928939 11.561867 193.062408 56.705493 46.264494
6.568859 12.926614 42.492917 9.203986 323.984718 24.160446 -117.148768
6.434343 13.313165 42.704451 8.410119 171.489412 29.206342 62.568413
6.570314 13.464868 42.769368 12.702160 177.438322 21.037162 103.728048
6.899908 12.910462 42.741813 7.670156 169.205365 45.750956 -95.991668
6.158826 13.210787 42.860899 5.327919 154.850233 42.894924 -80.292484
6.907813 13.182721 42.401487 20.928681 350.932345 53.449026 -97.406054
6.696144 12.939922 42.889529 15.524161 171.657489 34.160693 128.736323
6.743473 12.791399 42.707277 14.688626 358.557985 73.204029 -124.795052
6.975264 12.747807 42.722144 13.611179 357.911289 43.110092 -75.218964
6.823715 13.345396 42.884463 14.092001 282.599602 31.674519 122.835705
6.189404 13.149844 42.882798 14.684926 51.981538 30.599856 -108.596351
6.139092 13.186351 42.787687 15.316776 318.516621 36.366362 -70.334458
6.211037 13.094150 42.828803 9.739618 40.553909 31.643967 83.454715
6.735076 13.186026 42.965320 18.064090 151.827289 29.470426 70.877140
6.549810 13.296843 42.553238 14.152380 129.568642 61.426898 -179.505307
6.070422 13.017023 42.850993 15.913066 35.312899 58.070983 -57.283508
6.582285 13.025802 42.715607 6.439706 322.551091 43.127999 -91.031633
6.588219 12.990255 42.757208 15.987051 176.040257 25.194948 -132.410937
6.472296 13.408297 42.822044 16.814447 354.755775 27.634515 -125.446037
6.524652 13.233190 42.827716 7.972434 147.470859 40.465668 -119.406715
7.105843 12.670920 43.097335 18.534856 308.549210 44.748955 -114.250011
6.757916 13.188181 42.919202 11.461623 280.324825 47.864980 81.061649
5.761848 13.176542 42.843126 6.063390 160.546405 38.168199 120.515617
6.640458 13.123357 42.773127 17.716188 179.746867 89.468284 -8.469966
6.307669 13.069842 42.883783 14.881126 135.516793 23.024222 52.053920
6.476934 13.170554 42.847263 11.668382 161.446418 71.948592 11.946573
6.137029 13.153191 42.818930 7.118240 352.879385 40.810482 -126.472761
6.121377 13.149007 42.970876 4.725929 272.765391 47.609384 -167.208227
6.829024 12.497533 42.632465 5.960349 10.147894 87.478414 7.363585
6.874846 12.880532 42.819389 21.385587 145.159292 46.450430 -95.710494
6.474137 13.206286 42.749696 11.614166 28.879337 74.804574 -145.337750
6.203315 13.213602 42.801209 8.918957 139.159827 32.203820 50.548588
6.622310 13.272712 43.082719 13.332824 234.871721 36.395345 121.554596
6.271000 13.234004 42.923259 14.623860 145.915307 30.108726 95.762431
6.307500 13.383774 42.737077 14.096251 165.779603 34.660059 131.097720
6.584007 13.071607 42.705802 7.202876 173.365933 55.850276 -72.197912
6.502340 12.991697 42.975295 9.667707 144.965322 41.130505 -98.356460
6.879912 13.215558 43.044822 12.180333 17.027200 87.221428 144.841776
5.976859 13.062088 42.903092 5.520390 236.336939 43.214413 127.642119
6.463102 12.941364 42.762810 12.167531 172.974712 48.670795 -128.598773
6.036565 13.183061 42.882945 8.900264 155.703967 30.243250 79.528048
5.984713 13.155043 42.777141 7.786330 347.046671 52.954938 -84.972214
6.367486 13.033575 42.844278 17.967540 329.995264 58.261949 -133.526155
6.464677 13.162165 42.717487 10.920004 169.545931 31.538617 73.160118
6.181744 12.990829 42.811817 4.057345 176.035051 53.021178 -119.124887
6.503888 13.063134 42.676690 7.768035 315.422394 48.851439 -53.647957
6.285860 13.089602 42.886983 11.643063 136.692193 49.574171 -45.859572
6.166762 13.305489 42.850804 6.830422 150.637526 36.911960 -48.096910
6.094949 13.177355 42.715000 15.309971 252.792582 77.926258 87.684812
6.796201 13.166855 43.005139 12.658303 340.292039 30.962629 48.039976
5.975653 13.061563 42.914492 7.611299 288.253796 29.065148 66.883183
6.093434 13.032171 42.749480 16.204328 28.870070 68.477343 95.962585
6.125798 13.261009 42.883909 9.611981 151.850994 56.772430 -141.184860
6.394593 12.876563 42.840919 13.660355 140.912438 43.153272 -133.425199
6.572614 12.819637 42.647165 12.278841 117.128840 34.509552 -79.234371
6.752580 12.785342 42.885495 9.048350 357.412544 44.196358 -115.711464
6.484600 12.937588 42.991495 10.666462 196.933793 75.491010 179.577082
5.702926 13.010731 42.791784 8.928573 129.560281 67.928475 -79.525993
7.175029 13.335969 42.857905 15.328687 136.869239 30.414712 59.191267
7.232301 12.712199 43.277013 14.809196 135.354668 49.719501 -121.056696
6.290361 12.985575 42.743346 10.608413 116.274667 47.676690 -50.579272
6.342351 13.311292 42.731271 10.840443 137.388797 39.859515 99.331580
6.423050 13.324618 42.869200 5.305991 174.111805 27.509263 126.732699
6.777843 12.719558 42.937269 10.461837 77.980324 40.136954 -89.731332
6.244642 12.997620 42.843006 7.950106 92.512270 32.747169 -65.583491
7.255537 12.421129 42.938636 6.411640 161.963997 13.026986 -89.062401
6.174010 13.158441 42.841102 13.857405 353.036396 43.951318 -64.856285
5.976311 13.096903 42.945829 12.997391 27.839844 16.750611 119.576345
6.266859 13.238635 42.705686 18.729246 206.693914 32.112810 -97.247587
6.159167 13.104955 42.896411 6.947055 309.530023 23.183036 -136.575030
6.611464 13.154484 43.114008 8.390695 138.756190 25.671624 109.460799
6.592060 13.108047 42.829026 16.203484 95.482216 27.595000 57.242056
6.481344 12.980377 42.766193 14.329510 333.066323 33.171127 -124.758541
6.382596 13.132511 42.702602 6.298249 97.338760 82.091832 -28.103473
6.405599 13.124507 42.881605 13.361458 221.845458 32.328245 -30.882683
6.594615 13.351877 42.559917 8.240158 154.629008 58.052025 -125.506110
6.337418 13.238104 42.889635 19.388319 147.359668 54.789592 109.349241
6.244937 12.993790 42.926075 12.826049 150.367607 25.847026 67.062810
6.498635 12.630476 42.949668 20.864372 238.784823 50.985381 -81.865513
6.935920 12.746512 42.731969 12.857109 82.014767 41.213816 -71.065764
6.792170 13.346847 43.055534 7.339301 138.832237 29.032092 56.672466
6.737913 12.833221 42.884866 17.502773 317.579178 26.601038 -132.723582
6.772547 13.127692 42.589960 11.944399 131.886329 67.514767 -176.333257
6.895375 13.111805 42.770093 11.286079 55.562097 64.100220 -163.823870
6.589324 13.031290 42.845327 7.397692 14.379707 50.573199 -152.326767
6.634524 13.291703 42.919057 17.831751 274.415674 62.596981 144.978874
6.369996 13.127865 42.856106 9.376214 175.574879 54.483688 -110.723495
6.347543 13.418450 42.952124 11.954570 153.942850 34.873619 90.978661
6.831543 13.051732 42.906796 7.222603 146.305144 82.585925 -5.378531
5.866592 13.123012 42.769025 4.333009 169.689258 26.391316 90.954526
5.839071 13.254180 42.816707 8.856558 145.853961 21.746770 105.629168
6.020779 13.109943 42.786044 16.734663 87.237223 59.059150 -126.580765
6.157761 13.128724 42.731062 15.991037 172.651050 20.230726 100.935287
6.211308 13.177267 42.862835 11.888405 171.657180 31.347140 134.464155
6.533075 12.985979 42.815816 24.146320 152.103480 46.551734 104.252207
6.781064 13.218592 42.689215 3.003446 227.032029 25.239777 147.823854
6.589567 12.936245 43.122659 17.392145 174.073113 27.522180 63.066086
6.109961 13.211435 42.808597 11.272817 99.154000 46.798237 -84.852240
6.731405 13.136345 42.792521 15.030919 159.659246 21.532521 72.482833
6.832051 13.268593 43.121775 15.263578 167.869488 53.437432 68.396497
6.231782 12.971344 42.910374 14.321886 270.404932 59.185087 -51.970584
6.525548 12.945145 42.780574 12.922186 318.230376 46.141292 -46.041286
6.136810 13.077137 42.761299 19.896403 138.908241 42.077073 -71.843026
7.030523 13.160983 42.880638 10.747815 347.934129 56.476343 -98.350333
6.294185 12.816444 42.751627 13.344456 173.820689 44.122276 -127.244445
6.273614 12.982485 42.969747 11.299255 70.008857 85.076011 -162.858849
6.252976 13.058613 42.909855 6.389976 133.938515 22.844650 -47.763294
6.880677 13.032867 42.793961 13.481021 173.328586 26.830203 -84.669295
5.871117 13.139572 42.868694 2.285714 162.016918 52.107000 -49.240041
6.527255 13.132776 42.816393 16.091460 338.791434 51.460928 129.166991
6.553830 12.825117 42.796430 23.025874 8.084100 73.125445 99.115639
6.798578 13.067974 43.092075 10.015196 185.239042 46.266359 -130.393143
6.529775 13.259584 42.864660 11.745086 249.180017 43.418125 103.625766
6.384204 13.113064 43.096467 9.081773 141.806052 52.742455 -76.290231
6.416958 13.263900 42.703528 11.166198 176.976965 46.915966 -66.524803
6.353743 12.969818 42.837832 9.598274 323.589805 39.495323 -86.466723
6.867580 13.487811 43.295330 8.593073 149.669955 51.946544 -55.895968
6.454190 13.353021 42.964585 11.504514 167.670684 26.291597 53.843541
7.257195 12.476715 42.834707 9.055739 103.554776 82.320383 157.069299
7.341059 14.027716 42.713809 13.987626 189.077937 56.324721 111.009813
6.464316 12.940440 42.925031 9.126351 168.412152 45.165090 -56.067996
6.737451 13.078972 42.843739 18.931195 11.182085 42.456699 82.665911
6.496197 13.086700 42.998724 12.530005 138.637412 30.245723 69.493181
6.495415 13.405501 43.040629 4.380643 69.167577 88.601742 10.687074
6.938214 12.941850 43.187496 12.221485 139.883388 32.194218 60.469310
6.304686 12.953065 42.762721 7.406571 171.039834 47.558607 -64.439068
6.661463 13.307935 42.882672 10.661453 182.285534 49.090463 116.156328
6.203903 13.105283 42.871332 3.789164 347.365557 21.664791 -101.581921
6.209874 13.256029 42.842079 19.459705 240.128529 55.902096 86.994602
6.521416 13.241199 42.858190 17.758653 117.455542 86.489526 -139.947367
6.213627 13.132616 42.801681 9.783821 327.263377 27.483085 100.301951
7.059030 12.522058 43.021008 18.796992 160.288124 39.484402 -81.337181
6.361569 12.941280 42.775829 3.334796 146.076404 54.566155 -81.173166
6.240951 13.347744 42.754678 7.454019 135.570620 41.595424 -75.577325
6.835926 13.020914 42.847215 18.526261 145.120276 59.673449 -48.596601
6.282607 12.999848 42.792061 3.581101 151.068521 54.406147 -130.753182
6.478369 13.249828 42.807654 11.411251 119.025739 69.890646 -59.005220
6.706297 12.990232 42.644403 17.375850 23.443828 80.589832 -159.747401
6.538284 12.934279 42.863695 11.403974 135.329408 57.651298 -113.166948
6.807701 13.175876 42.805966 7.839306 295.376880 33.894237 150.037209
6.070298 13.081885 42.777444 12.469482 176.673535 44.635445 -111.785125
6.181586 13.188043 42.840718 14.380073 123.607637 75.969921 -141.008013
6.935377 12.671731 42.759841 13.453783 348.353294 22.219652 -97.621942
6.182730 13.189467 42.928032 14.622502 166.331186 84.834137 -11.941556
6.562245 13.180133 42.773227 15.363312 224.629159 57.992782 127.350750
6.204021 13.008555 42.801929 11.642228 141.319434 58.313449 -89.525519
6.745159 12.926880 42.437212 13.982238 139.188657 76.657392 -93.013803
6.389544 13.328570 42.819631 11.739341 160.968473 21.844079 108.178919
6.128403 12.838874 42.878781 7.035330 172.568781 40.861392 -48.396755
6.432904 13.188756 42.687052 14.255748 157.423034 49.447010 -92.522691
6.232682 13.215283 42.881546 3.473612 21.967823 81.829710 135.854194
6.626195 13.091429 42.789588 12.497989 118.213137 50.746189 -113.849768
7.011593 13.204351 43.061831 5.572131 166.196589 38.005569 116.059483
6.686764 13.210703 43.052718 5.637540 139.512356 24.421992 122.456769
6.348131 13.238909 43.005162 12.652398 278.105428 47.478553 -83.546371
6.517848 13.383174 42.690451 6.864521 171.588102 38.853991 85.501602
6.619415 13.115089 42.856856 6.700533 344.347286 55.406768 135.721309
6.365152 13.023388 42.608540 6.992688 134.078310 83.738813 -36.448499
6.355055 13.250714 42.743229 12.555847 153.075359 39.637299 119.731122
6.575255 13.103783 42.712756 18.886725 179.259871 55.237880 -126.733042
6.981701 12.925313 43.272025 12.430336 93.698133 49.033663 56.375688
6.408227 13.294977 42.836751 14.780760 195.617538 79.360424 50.580851
6.523930 13.134136 42.794402 8.531535 160.606101 42.084949 -101.099649
6.037828 13.033072 42.833053 13.446518 156.196440 59.934874 -130.911309
6.740572 13.091295 42.723589 9.923684 348.287059 58.218421 94.470351
6.609269 12.949923 43.141915 10.942135 135.710612 24.785275 118.667989
7.097939 13.309056 43.194430 6.282864 176.111044 48.564869 75.477708
6.565703 13.267802 42.697305 3.822216 162.304038 42.731096 -63.634437
6.741994 12.855065 42.664092 10.394405 234.570621 77.083752 10.776029
5.937591 13.147232 42.830470 2.777912 169.075676 87.847938 -12.820485
6.457269 13.033215 43.046689 7.734681 316.124257 25.619908 -67.679005
6.589695 13.430215 42.749081 7.492871 207.684916 39.339576 122.739376
6.102769 13.112942 42.808311 3.028170 314.186735 72.449612 -71.449342
6.401265 13.062768 42.982080 13.722092 1.540050 22.210050 75.336582
6.634827 12.717680 42.869830 15.255406 337.897602 31.635981 -99.731149
6.265072 13.123145 42.668324 8.307420 110.970856 55.444105 -56.958710
6.452342 12.889835 42.781943 6.196558 347.128858 24.784410 -47.484807
6.161708 13.015453 43.007835 8.762855 153.564610 42.679753 -115.152209
6.199232 13.174642 42.697676 12.545392 175.052364 27.602876 71.601687
6.702238 12.882373 42.879355 7.450298 312.674106 52.339874 91.967516
5.771655 13.086555 42.845382 8.964602 160.217486 56.635510 72.792293
6.184860 13.265304 42.889498 8.789174 142.206896 38.349977 85.798341
6.056225 12.952530 42.877521 5.675941 338.033060 27.884869 -65.017673
7.008333 13.031602 43.066187 6.854207 98.093199 25.847455 160.202195
6.067924 13.042555 42.698957 12.341467 109.316827 37.172371 110.298353
6.660151 12.895753 42.890084 11.463936 172.558704 59.701635 -75.670140
6.483334 12.992111 42.877282 14.177512 136.382196 47.935904 -108.973080
6.702831 13.347698 42.668882 12.771104 266.616733 59.016243 116.976466
6.865388 13.073000 42.980436 11.947291 331.581060 59.108312 -110.213708
5.888431 13.164413 42.873808 14.983412 159.591204 45.486915 -100.888632
6.095003 13.111205 43.073890 14.231222 142.943607 45.122883 -116.626141
6.845833 13.214330 43.021258 5.834616 188.289419 35.702341 93.518912
6.858408 13.085020 42.741161 5.376054 338.604406 34.035466 -123.636926
6.050108 13.120130 42.923254 4.642064 287.736339 54.220602 -128.529587
6.308334 13.010889 42.863431 11.216186 62.449659 88.200485 164.516387
6.617113 13.318881 42.627291 11.470376 124.204385 51.234074 -76.437018
6.571870 13.428302 42.900944 20.886844 186.834862 25.830056 62.297253
6.186286 13.145923 42.765865 13.144078 157.822336 56.764424 -127.583607
6.746793 13.024489 42.660332 4.860770 151.152966 59.846433 -51.115603
7.117973 13.122373 42.797075 9.681736 3.237787 20.461423 66.717839
6.201731 13.112976 42.767360 4.889109 136.376610 39.993064 74.700026
6.167525 13.139196 42.793396 10.624382 99.663582 45.140306 -64.033232
6.701629 13.136733 42.958511 17.570198 153.774374 55.277251 -63.127839
6.287877 13.310084 42.944297 15.831298 110.213598 67.076912 -47.122698
6.355949 13.008825 42.824968 9.832369 343.005288 28.191030 -131.324761
6.161158 13.040236 42.862506 9.620311 138.881382 55.904751 -97.455235
6.317634 13.288000 42.830527 15.752928 170.418912 26.677759 98.881417
6.538919 13.243838 42.829224 4.549373 123.811935 86.681297 26.470505
6.598987 13.219821 42.829136 5.012491 162.380967 31.929153 116.300211
6.701200 12.820998 42.919949 13.572450 344.390490 75.165108 12.569268
6.198005 13.376864 42.765221 3.316722 319.061311 77.422207 -54.862911
6.542635 13.364321 42.866478 14.242247 7.268565 58.111512 -131.473002
6.593305 13.373375 42.875340 14.326401 136.826905 21.084632 124.372960
6.195834 12.922765 42.927984 10.132020 136.302267 24.970146 51.055208
6.566991 13.271803 42.860968 12.505828 314.096668 42.087471 -104.697175
6.484107 13.164406 42.774003 9.315865 77.466372 25.556304 39.421786
6.520410 12.883276 42.768525 21.967931 151.636297 53.863272 -45.541767
6.018338 13.118754 42.823178 11.831815 28.045369 21.195684 127.360806
6.876938 13.620168 42.976414 17.237907 267.465524 13.165799 50.000893
6.919886 13.118420 43.116620 16.064957 141.995245 25.851526 110.870713
7.018247 13.304724 43.047608 12.907629 157.130794 21.368285 74.653895
6.532378 13.072993 43.030189 19.364452 265.528148 31.565272 -114.759242
6.696136 12.941889 43.064808 20.175692 350.349904 64.166407 34.408712
6.507719 13.325478 42.860659 8.588262 135.879127 27.921180 105.101147
5.910696 13.115631 42.848327 4.621244 178.938262 21.861289 89.613778
6.384401 13.223144 42.795318 6.048096 177.304275 38.615975 -114.089117
6.046731 13.011816 42.830789 15.855464 320.015573 51.668745 -85.028877
6.278285 13.257335 42.919328 15.439894 263.398485 36.048785 141.922099
6.787817 12.771796 42.592472 11.594283 335.144264 36.563254 -79.695979
6.507079 12.954506 42.775312 11.910114 292.018174 78.021121 27.280095
6.572626 12.744351 42.716814 14.342648 339.750995 29.532969 -129.003923
6.610171 13.249737 42.737985 8.520459 143.579675 30.961634 110.883146
6.444777 13.157131 42.824883 20.096166 356.572149 71.907305 -125.758488
6.868040 12.946164 42.858863 10.725976 94.871830 81.522936 23.583213
6.643615 13.066996 42.914709 12.755042 317.168548 44.879989 -59.113150
6.464144 13.372539 42.681017 8.362460 175.900650 25.375705 88.050894
6.733324 12.935323 42.844867 5.390676 27.480304 80.858335 -42.961900
6.257755 13.308532 42.763849 11.475691 324.879486 12.281848 14.136415
6.256032 13.170230 42.954822 6.833055 158.001484 21.342017 121.875801
6.426051 12.864842 42.753829 7.384080 194.416626 23.142892 -100.272958
7.205283 13.098794 42.530969 15.116930 276.821014 42.681137 -46.172703
6.726816 12.913256 42.838083 7.441092 335.390878 36.977683 -48.832733
6.530042 13.226715 42.876834 13.189030 149.420940 37.058766 86.256420
6.162447 13.172586 42.821738 10.157032 154.964880 39.581264 61.598924
7.093695 13.493070 42.634576 8.103566 339.997478 44.028122 -1.845680
6.505681 13.184363 42.737136 12.814748 166.865406 59.801410 121.385754
6.497314 13.074246 42.612894 15.853242 159.147682 52.259028 -128.754259
6.771519 13.314985 42.949409 5.368748 138.870111 26.924404 107.231478
6.634629 13.300648 42.889481 11.299531 163.320266 38.825363 112.974645
6.362864 13.186946 42.792959 4.655270 68.549259 88.875058 151.092662
6.945503 13.077279 42.680897 18.731821 172.499128 48.178474 -131.352059
6.202772 13.013056 42.712398 2.514370 328.613304 39.382182 -97.659786
6.376824 12.989890 42.803105 16.955942 322.598086 24.281875 -121.023598
6.482846 13.206334 42.608377 10.011403 306.886977 34.031633 -112.870317
5.832805 13.140980 42.738215 5.624781 172.415129 39.991691 50.382011
5.974713 13.157552 42.869437 5.034086 159.231736 24.672609 120.933508
6.443071 13.151341 42.787714 12.163538 103.261177 18.231483 147.375986
6.240015 13.113969 42.850006 2.938452 79.702368 47.856288 125.714974
6.709561 13.027022 42.767580 12.265488 180.801346 37.630902 60.156456
6.282070 13.000884 42.971049 9.727071 319.695619 63.163459 -87.202907
6.598518 13.115809 42.913366 16.057696 146.975088 59.510249 -124.312014
6.915972 12.861530 42.787414 4.786753 166.944641 44.267341 -78.122707
6.189530 12.989925 42.886292 5.862697 169.714183 52.508789 -111.833658
6.436394 13.249537 42.795663 4.215102 149.434491 25.463007 -72.782466
6.745074 13.005859 42.683353 4.669485 150.819021 55.433532 121.090985
6.479519 13.129464 42.764485 11.689622 135.505967 44.055988 -55.057580
6.699508 13.161384 42.718208 12.539472 168.409498 25.371160 70.449975
5.996755 13.049467 42.832836 19.238610 131.629571 85.703340 -9.272933
6.515742 12.931968 42.874734 3.885966 138.959068 57.493753 -64.192564
6.767874 12.952462 42.931087 22.033054 277.232431 22.953561 -126.226019
6.716056 13.123236 42.774303 4.601391 149.397831 56.682927 104.482606
6.048914 13.175078 42.721860 7.970979 194.572011 55.285785 -2.966107
6.785292 13.163699 42.903201 15.223589 165.620267 32.838701 108.349056
6.723698 13.182909 42.777545 14.204994 4.774899 38.608497 112.260010
6.342744 13.084352 42.851352 11.570288 158.843484 41.317509 -83.270957
6.006699 12.913825 42.838728 9.128570 354.116078 26.156135 -119.602393
6.466690 13.080282 42.922148 7.240036 136.230734 28.033944 115.244098
6.023553 13.098307 42.917024 11.888968 315.403048 66.189587 27.775940
6.528300 12.886467 43.005421 11.932052 67.942070 80.847149 177.815038
6.199557 13.116887 42.844087 11.804180 138.384071 72.066948 -71.695523
6.472160 13.140285 42.654885 8.530526 159.517666 43.612213 -99.472864
7.052473 13.091016 42.605778 5.670756 249.353178 29.461417 -149.701092
6.294374 13.120929 42.904848 4.745810 21.402450 10.711690 96.642327
6.222215 13.171623 42.706010 5.746608 156.802687 24.051798 116.633944
6.681891 13.043457 42.807029 10.563212 160.699701 55.193743 -68.469162
5.820987 13.112831 42.792574 6.124959 107.460556 87.819808 -143.617441
6.259388 13.046040 42.704541 5.379265 87.771538 44.320220 166.163892
6.362348 13.200707 42.829434 20.949178 144.254944 21.380282 98.593940
6.733788 13.139397 43.086060 13.375491 312.707108 38.368115 -129.971025
6.322237 13.201440 43.002327 16.761075 151.589192 26.279151 -55.561092
6.401958 13.093112 42.899070 5.631503 140.068778 57.964805 -121.862166
6.205662 13.296669 42.822221 18.660478 153.189880 37.026777 85.688941
6.695773 13.185317 42.844580 10.872831 258.645223 44.422186 -60.896753
6.884281 13.351611 42.748810 9.980254 164.167607 59.151577 -96.331191
6.805771 13.162787 42.634591 5.266191 127.675166 46.298146 9.354799
5.624134 13.062671 42.820642 3.557092 126.104077 51.128100 -112.561771
6.806282 13.271189 42.665601 16.002994 153.434775 46.174592 -83.635158
6.389223 13.030448 42.821201 10.441969 141.585498 59.210380 -125.766614
6.333672 13.078348 42.876530 5.467681 157.240357 52.615373 -86.515505
7.089018 13.381517 42.264191 7.452981 103.963876 57.855697 -94.989432
7.316168 12.657073 43.452782 25.803383 294.179835 59.235328 116.629190
7.042449 13.238052 42.598945 6.341278 153.978731 58.335638 -92.530307
6.586254 13.249059 42.751254 7.021138 91.929830 87.212470 -155.544009
6.557357 13.071411 42.629213 4.201529 161.710304 50.035521 -80.601006
6.501708 13.101231 42.878252 14.899253 185.702738 45.801015 -67.620958
6.411073 13.104223 42.665457 9.222840 107.309531 56.189319 -75.562407
6.938571 12.985766 42.962659 16.327762 157.001441 55.538334 -63.036876
6.431558 13.081973 43.049859 5.381436 149.843369 51.025877 -115.040252
6.629205 13.091597 42.594839 5.491548 192.163207 26.215156 0.427147
7.315680 13.764919 43.374086 25.207210 127.592863 54.506648 56.917329
6.895802 12.563022 42.700347 23.579222 325.853475 25.262739 -103.548959
6.561475 13.183190 42.902032 9.876844 14.111663 64.502621 15.704067
6.691841 12.983522 42.666320 10.666664 344.930388 25.137646 -57.311740
6.793540 12.983592 42.628091 10.635732 107.503292 56.983548 -165.671399
6.253056 13.082422 42.840802 12.252196 145.361313 40.139837 -50.825505
5.880440 13.090922 42.743214 7.283598 33.683493 87.223832 -16.646545
6.377723 13.076678 42.765292 18.890107 358.482503 21.840416 -96.631508
6.441124 12.960642 42.944320 9.407048 279.203824 71.080025 -77.807689
6.735125 13.354625 42.971085 17.377277 163.558582 24.371182 83.761222
6.421026 12.859730 42.905242 14.167215 279.680120 44.257706 -130.743946
6.406630 12.971851 42.806140 17.770557 277.586424 75.828327 -83.227037
6.334630 13.093463 42.827773 8.218926 328.628220 39.743363 -78.490248
6.889976 13.171746 42.973996 15.469315 150.009245 25.287591 79.195364
6.440973 12.931811 42.809669 6.001310 166.058899 50.529634 -123.549491
7.378956 12.008141 42.974119 10.341987 163.714414 87.363646 -2.757531
6.400521 13.040453 42.776880 8.650194 150.895750 52.142600 -61.130781
6.561498 13.029955 42.925204 12.116758 144.666345 57.650184 -64.673156
6.192448 13.221140 42.823078 12.295072 175.332193 22.952166 53.951212
5.934650 13.165580 42.822534 10.124123 150.307854 52.292592 -107.987662
6.545309 13.142978 42.783129 14.687151 58.897490 58.146934 149.476803
6.580694 13.079290 42.886501 11.394750 140.154803 58.090249 -84.340134
6.622768 13.270752 42.681384 10.918009 158.365581 50.133108 -54.911205
6.853906 13.272451 43.252813 5.108540 81.227822 54.431154 -119.066779
7.070133 13.428533 42.924030 10.966551 156.039393 33.100656 85.176452
6.375728 13.277619 42.753543 3.431303 141.739858 56.589343 -55.715703
6.300203 13.125934 42.785314 9.779288 164.956750 37.575269 88.178520
6.456080 13.151570 42.816795 14.033741 171.944003 21.753044 74.232858
6.469952 13.032681 42.730452 12.994300 326.278795 56.649707 4.209804
5.680042 13.070365 42.802667 9.322046 309.519091 52.755595 -127.508999
6.560702 13.070124 42.920306 7.153541 205.574469 72.691620 -114.905973
5.962623 13.090084 42.891814 3.517144 294.065254 56.448957 -54.953389
6.715589 13.146569 42.864851 8.040890 113.953918 86.988344 156.440939
6.894615 13.607057 42.875643 13.280343 282.767537 43.694891 -31.417291
6.140813 13.122200 42.765438 8.548891 169.929475 23.107346 78.352884
6.715931 13.253358 42.617930 15.591614 308.410556 24.421672 -45.861150
6.428922 13.305034 42.696575 3.730156 159.077629 30.266493 64.449425
6.427869 13.083464 42.877861 7.286395 140.254636 57.851649 -70.413873
6.539902 12.776693 42.591591 5.869829 327.705000 46.077477 -81.247655
6.622038 12.988364 42.821937 3.739786 56.497012 44.450075 163.152341
6.819139 13.277534 42.740568 19.820400 170.856709 57.212554 -105.918700
6.369405 13.013169 42.795711 9.864901 143.799475 53.923766 -101.226767
5.920621 13.081785 42.788068 4.497837 146.643808 16.575473 -73.096378
6.739173 13.223759 42.751178 8.411319 323.115776 29.369270 37.442937
6.310317 13.095582 42.932015 3.699521 297.323636 52.201640 -83.684983
6.840453 12.883698 43.096841 4.780830 135.370526 49.483681 -108.216217
6.417959 13.185384 42.761799 10.375788 177.184988 46.733360 -133.763761
6.486776 13.123292 42.885501 9.954002 136.726170 34.323205 100.426749
6.917882 12.513228 42.707217 10.165936 277.235077 35.711321 -92.842617
5.966788 13.098183 42.888845 8.851112 124.099096 32.505427 -57.320994
6.392419 13.014433 42.816121 15.733708 288.381061 53.100807 -158.282595
6.487282 13.145190 42.641454 17.500693 151.413214 56.446795 -108.527332
6.674024 12.952078 42.856714 2.523765 332.697720 21.617277 -60.825237
6.405211 13.073184 42.756914 7.670151 318.860383 33.846849 -59.748629
6.367155 13.054314 42.821133 16.495909 148.090162 42.136990 -45.298944
6.581541 13.113743 42.896542 4.711380 61.322764 83.669633 -142.052000
6.656739 12.923103 43.069710 8.973812 148.343876 33.199184 -58.897332
6.386872 13.450363 42.723643 8.406735 44.522239 47.000111 -40.238108
6.704521 13.163841 42.765465 11.187562 137.209706 38.398763 128.740789
6.840049 13.258554 43.047104 10.720925 163.245410 28.848942 69.374507
6.370575 12.879125 42.800790 3.799902 141.908974 40.799008 -93.092711
6.579501 12.828004 42.632253 13.115579 318.325007 31.301404 -115.702635
6.664952 12.823479 42.978475 16.113972 342.183665 23.631614 -93.982346
6.443153 13.080763 42.889129 17.680335 356.706689 50.448718 -91.899385
7.014653 13.234571 42.864772 7.025436 93.474283 78.531210 14.432005
6.579471 12.906919 42.923376 10.062424 318.833788 30.286058 -132.869804
6.192908 12.937091 42.786374 7.438237 333.235406 22.277969 -49.973866
6.178526 13.124142 42.786163 11.993582 170.391258 36.611536 71.481557
6.366318 12.939153 42.781468 15.850417 126.353924 44.180391 -111.799205
6.665404 13.149739 42.966569 8.240706 149.773188 25.348444 119.210500
6.906861 13.048782 42.794995 12.063872 149.559377 36.136246 -106.038705
6.646756 13.009936 42.875794 8.617457 137.132524 54.851424 -98.101790
5.812515 13.095150 42.916904 6.683234 175.307004 73.753920 -102.014938
6.552125 13.099728 42.654446 9.193706 352.457365 28.009216 -126.254643
6.575689 13.156978 42.777353 6.924129 150.690514 20.027844 68.010907
6.336418 13.266562 42.829595 16.158842 276.747576 25.205380 -127.044732
6.473733 13.156953 42.663259 12.810393 178.839523 83.113560 -41.480290
6.926161 13.055292 42.820518 11.317212 203.016943 42.474355 -105.105687
5.897659 13.152528 42.852138 6.929852 39.256744 64.155540 -175.994942
6.542485 13.058141 42.844929 4.969973 174.366349 57.164191 -65.097274
6.865199 13.240479 42.503063 11.122319 139.409181 41.887928 -104.752953
7.153137 13.478013 43.090061 14.156592 157.992573 42.513264 104.445325
6.687825 13.429845 42.919816 4.502472 146.252284 26.943604 82.400895
6.563363 13.156662 43.046032 11.840815 65.680788 52.122976 -128.782855
6.442158 13.237021 42.753206 8.499623 169.549249 53.625655 -124.132224
6.575997 13.239162 42.666802 16.815860 95.145530 41.051904 -53.802294
6.353681 12.910090 42.889758 5.428277 323.428785 60.868404 -73.077554
5.850934 13.031592 42.756445 10.643364 126.738634 32.061523 -169.048320
6.698511 13.283053 42.729684 19.585774 177.025299 53.760649 -125.113123
6.147647 12.989389 42.921485 5.349741 152.708443 22.816190 63.139690
6.404226 13.106421 42.801461 3.405801 177.560143 46.870168 -55.337612
5.892824 13.075764 42.751419 14.193576 145.425826 53.728985 -94.863132
5.742127 13.178293 42.816850 14.887067 138.062046 31.693856 131.670977
6.664642 13.286442 42.823960 12.497098 162.105716 53.926031 -129.257364
6.034056 13.254346 42.822649 4.620356 298.282734 43.711987 -60.712005
6.389479 12.971230 42.825299 11.773815 337.232233 36.058534 -78.885878
6.650256 13.117981 42.981455 11.843121 167.426525 39.031326 46.103369
6.545659 12.920833 43.011101 8.555426 174.667669 48.063192 -74.074341
5.841318 13.073247 42.795894 9.302006 343.043267 26.525541 -117.629460
6.565862 12.726326 42.844718 5.798793 305.612728 58.331308 46.090870
5.844049 13.146983 42.903876 5.193926 168.950667 20.738200 127.713838
6.626301 12.944718 43.093463 15.465464 157.974529 44.546799 -98.382805
6.484584 13.218477 43.122248 3.767185 138.503554 42.148166 127.163745
6.516140 13.046869 42.877159 3.405148 357.253350 23.050750 92.117615
6.443310 13.356353 42.732905 12.230498 15.826798 84.882828 -161.119528
7.002370 12.745808 42.574141 12.305192 57.686110 34.686580 20.525300
6.567082 13.212986 42.701856 9.042210 172.771482 30.032916 115.916331
6.546341 13.141505 42.950897 13.787767 170.946592 30.244921 121.146769
6.062114 13.069184 42.789443 11.635494 332.403039 74.254024 -108.299452
6.685951 13.053557 42.743697 13.968703 146.938309 32.205579 -50.138552
7.098699 13.391724 42.755392 16.235779 201.003891 32.978117 -28.758341
6.533539 13.330908 42.904781 14.912272 150.046471 47.254528 -119.227409
6.289526 13.124320 42.824441 14.639509 298.461582 79.526552 -95.161116
6.538456 12.952323 42.756801 18.737516 58.058933 31.547636 -99.121302
6.186796 13.028672 42.808037 5.894485 134.836826 52.092060 101.955746
6.840468 13.535757 42.982443 11.611239 170.865633 41.122187 -52.594293
6.803965 13.059949 42.576212 17.991617 323.442187 34.989637 -54.595610
6.465596 13.226166 42.852495 10.916418 347.566371 22.577783 -52.001897
6.133490 13.164181 42.816046 5.826388 335.675052 46.809637 79.431450
5.971202 13.076537 42.895109 9.901944 137.428631 53.929729 -48.132500
6.862176 13.535899 42.826805 9.197065 161.336154 23.886516 88.801427
6.217137 13.204154 42.737315 3.320288 343.879256 11.512805 -64.134789
6.481017 13.274904 42.690016 9.037387 162.121451 83.182698 -137.841185
6.706755 13.242799 42.840161 9.753190 178.104819 50.196492 -57.179379
6.204971 13.052022 42.824556 9.701460 359.851101 25.263269 -45.657744
7.049286 13.294786 42.509390 6.304839 139.602569 57.003381 -106.240294
6.583622 12.975333 42.900905 3.050992 235.783123 28.261968 146.243528
6.474705 13.060292 42.847264 6.361470 355.899208 35.710046 -94.302477
6.252954 13.124230 42.865151 13.118304 312.110165 21.240296 149.181589
6.813363 12.961864 42.990104 7.199647 60.111411 85.662715 21.327663
6.248398 13.165713 42.836163 7.350710 112.171225 19.228556 -176.735263
6.482793 13.031791 42.839757 10.257929 175.574180 56.531893 -46.066384
6.620733 13.147982 43.061965 7.615356 142.164872 31.357293 134.874028
6.400087 13.084018 42.647327 12.144779 100.502140 88.552990 -141.315067
7.109525 13.418643 42.918739 5.079069 156.675567 36.991513 96.804171
6.688386 12.790301 42.817519 12.780792 124.157927 50.844676 158.803009
6.596736 13.089373 42.851027 5.869309 109.873049 38.067911 -74.844034
6.389453 13.360831 42.866658 10.032166 176.048356 49.742644 -114.309833
6.364262 12.952869 42.613033 8.779804 341.799450 22.021103 -76.985243
6.277331 13.208223 42.819749 16.114593 153.977511 52.457414 -85.755223
6.852220 13.117466 42.768511 19.049148 170.738806 39.519233 82.886569
6.658568 13.297590 42.738924 12.353807 170.657863 57.232599 -87.601532
5.795977 13.159262 42.744541 3.636245 159.405533 57.768944 -109.125487
6.565615 13.236982 42.656075 8.566601 173.340484 44.986093 -100.907938
6.668524 13.063275 42.721725 10.900294 201.782051 56.620740 -94.079604
6.257064 13.312305 42.844536 12.643860 151.687616 31.927801 101.988559
6.231586 12.846482 42.823586 10.786531 343.716512 31.810527 -73.568407
6.308372 12.986026 42.784300 8.652700 270.392567 71.969736 -62.166548
6.365406 13.148839 42.899656 4.486283 155.092519 24.142614 91.100802
6.650735 13.007710 42.831689 8.455617 333.522974 56.217884 -61.608724
6.470767 12.931273 42.923196 8.248251 232.277060 22.293745 172.116536
6.690998 13.310928 42.817728 14.341911 146.368031 29.306077 124.270726
6.639407 13.349895 42.965225 10.259138 147.672566 31.458264 45.891766
6.716641 13.208951 43.062466 7.273359 141.875685 34.028488 128.890442
6.595043 13.054058 42.785132 5.270679 103.703182 57.283714 58.010368
6.346977 13.095109 42.842518 7.085990 358.501201 36.080139 -106.660147
6.336171 13.062043 42.635742 3.608659 97.506843 30.127399 -99.430379
6.430719 13.067101 42.760543 9.335942 342.280218 34.315545 -81.558395
6.491901 13.347101 43.121246 18.630032 156.933068 51.687377 76.986719
6.441270 13.329303 42.736577 7.556360 67.236423 33.279788 -87.515617
6.441024 13.084024 42.952916 14.782616 178.241146 59.848809 -95.128813
6.575792 13.123614 42.623957 4.042038 124.718216 56.053594 -46.819048
6.498812 13.115900 42.646809 9.399620 344.861308 50.839383 -64.023395
6.711852 13.225833 42.676469 14.804772 317.996630 35.666952 -104.503246
6.338581 13.113695 42.704399 10.635571 294.789572 20.638951 -104.997967
6.193432 12.889430 42.761664 14.481579 42.575031 83.901953 160.688760
6.096046 13.094293 42.769550 12.965157 149.220434 88.725009 -109.109775
6.371061 13.186412 42.845512 9.771461 167.487406 38.092468 81.937285
6.820435 13.147367 43.087408 5.200803 326.313479 42.094018 -84.903686
6.541026 12.893364 42.661583 11.508600 357.375630 75.118151 -46.604834
7.032576 13.215335 42.670871 13.374101 345.381917 23.112392 -72.743836
6.432918 13.301610 42.924490 11.939094 328.194753 59.998529 15.153473
6.428116 13.018593 42.926339 5.842843 142.822221 40.845076 -50.757375
6.360956 13.035966 42.698173 9.610965 189.540615 48.802931 25.708542
6.789407 13.017218 42.810250 8.257660 76.062244 83.259393 160.226145
6.559760 13.191686 42.956436 6.925169 351.253578 50.645086 56.856571
6.469107 12.864064 42.862806 4.936296 349.597847 31.026418 -57.866635
5.673952 13.146265 42.687699 11.726281 160.658720 31.458804 75.648331
